Table  Time-based BUFR (0309052) at End
                  BUFR Data                     
TIME    PRES.   HGT/MSL  TEMP.   RH     DEWP   W.D    W.S     8042      
Sec      mb      Meter     °C      %      °C    Deg.  Knots   Code Table
------------------------------------------------------------------------
   0  1010.6      45     26.0     92     24.6    010    1.5   145408
   5  1006.4      84     25.8     85     23.0    339    6.9        0
  10  1003.5     108     25.8     82     22.5    346    6.7        0
  15  1000.8     131     25.9     82     22.7    355    6.6     2048
  17  1000.0     138     25.9     82     22.7    356    6.5    65536
  19   998.6     151     26.0     82     22.8    358    6.5     8192
  20   998.3     153     25.9     82     22.8    359    6.5        0
  25   996.1     173     25.8     83     22.7    002    6.5        0
  28   994.7     185     25.7     83     22.6    005    6.6     2048
  30   993.8     193     25.6     83     22.5    005    6.4        0
  35   991.2     216     25.4     83     22.4    008    6.2        0
  40   988.4     242     25.2     84     22.3    011    5.9        0
  45   985.7     265     25.1     84     22.3    014    5.7        0
  50   983.1     289     24.8     85     22.2    017    5.6        0
  52   981.8     300     24.7     85     22.1    019    5.6     2048
  55   980.5     312     24.6     86     22.1    021    5.6        0
  60   977.7     337     24.4     86     22.0    024    5.5        0
  65   974.8     364     24.2     87     21.9    028    5.5        0
  70   971.7     391     23.9     88     21.8    034    5.5        0
  75   968.6     419     23.7     88     21.7    039    5.6        0
  80   965.5     450     23.6     89     21.7    045    5.6        0
  85   962.6     475     23.5     89     21.6    050    5.7        0
  90   960.1     497     23.4     89     21.5    051    5.7        0
  95   957.5     521     23.3     88     21.3    052    5.6        0
 100   954.6     547     23.1     88     21.0    052    5.6        0
 105   951.8     574     23.0     88     20.8    053    5.6        0
 110   948.8     600     22.8     87     20.6    052    5.3     2048
 115   946.4     623     22.6     87     20.4    051    5.1        0
 120   943.8     647     22.4     87     20.3    050    4.9        0
 125   941.1     672     22.3     88     20.1    048    4.7        0
 130   938.3     698     22.1     88     20.0    051    4.8        0
 135   935.5     724     21.8     88     19.8    054    4.9        0
 140   932.8     749     21.6     88     19.6    057    5.1        0
 145   930.1     775     21.4     88     19.5    059    5.2        0
 150   927.4     800     21.3     88     19.3    058    5.2        0
 154   925.0     822     21.2     88     19.2    058    5.2    65536
 155   924.5     826     21.2     88     19.1    058    5.2        0
 160   921.5     856     21.0     88     19.0    057    5.2        0
 165   918.5     884     20.9     88     18.9    056    5.2        0
 168   916.8     900     20.8     88     18.8    057    5.2     2048
 170   915.6     911     20.7     88     18.7    058    5.2        0
 175   912.9     937     20.6     88     18.5    060    5.3        0
 180   910.4     960     20.4     88     18.4    062    5.5        0
 185   907.9     985     20.3     88     18.3    064    5.6        0
 190   905.4    1008     20.1     88     18.2    065    5.7        0
 195   903.0    1031     20.0     89     18.1    066    5.9        0
 200   900.6    1055     19.8     89     18.0    067    6.0        0
 205   898.2    1077     19.7     90     17.9    068    6.2        0
 210   895.7    1101     19.5     90     17.8    070    6.3        0
 215   893.2    1126     19.3     90     17.7    071    6.4        0
 220   890.9    1148     19.1     91     17.6    073    6.4        0
 225   888.6    1170     18.9     92     17.5    074    6.5        0
 230   886.2    1193     18.6     92     17.3    074    6.6        0
 235   883.6    1219     18.4     93     17.2    073    6.6        0
 240   880.8    1247     18.2     93     17.1    072    6.7        0
 245   878.0    1275     18.0     94     17.1    071    6.8        0
 250   875.3    1300     17.9     95     17.0    073    6.9        0
 255   872.7    1326     17.8     95     17.0    075    7.0        0
 260   869.9    1353     17.7     96     17.0    077    7.1        0
 265   867.1    1382     17.5     96     16.9    078    7.2        0
 270   864.4    1408     17.4     96     16.8    082    7.3        0
 275   861.9    1433     17.3     97     16.8    085    7.4        0
 280   859.4    1458     17.2     97     16.8    088    7.6        0
 285   856.9    1483     17.2     97     16.8    090    7.7        0
 288   855.5    1497     17.1     98     16.7    092    7.8     4096
 290   854.4    1508     17.0     97     16.5    093    7.8        0
 295   852.0    1532     16.7     96     16.1    095    7.9        0
 299   850.0    1552     16.4     96     15.7    097    8.0    65536
 300   849.5    1557     16.4     95     15.6    097    8.0        0
 305   847.2    1580     16.2     95     15.5    099    8.1        0
 310   845.0    1602     16.1     95     15.4    100    8.3        0
 315   842.6    1627     16.0     95     15.3    100    8.4        0
 320   840.3    1650     16.0     96     15.4    100    8.6        0
 325   838.2    1671     16.0     96     15.5    100    8.7        0
 330   835.7    1697     16.0     97     15.5    099    8.6        0
 335   832.9    1726     15.9     97     15.4    098    8.6        0
 340   830.2    1754     15.8     97     15.3    097    8.5        0
 345   827.8    1778     15.6     96     15.0    095    8.4        0
 350   825.5    1802     15.4     96     14.8    095    8.5        0
 355   823.2    1825     15.2     95     14.5    095    8.6        0
 360   820.8    1850     15.1     95     14.3    096    8.7        0
 365   818.4    1875     15.0     95     14.1    096    8.8        0
 370   816.0    1900     14.8     94     14.0    096    8.9        0
 375   813.7    1924     14.7     95     13.8    096    9.0        0
 380   811.6    1946     14.5     94     13.7    096    9.1        0
 385   809.6    1967     14.5     95     13.7    096    9.2        0
 390   807.5    1989     14.5     95     13.7    098    9.0        0
 395   805.3    2012     14.5     96     13.8    100    8.8        0
 400   803.3    2033     14.4     96     13.8    102    8.7        0
 405   801.2    2054     14.3     96     13.7    104    8.5        0
 410   799.1    2078     14.3     96     13.7    105    8.6        0
 415   797.0    2100     14.2     96     13.6    106    8.7     2048
 420   794.6    2126     14.1     97     13.5    107    8.8        0
 425   792.3    2150     14.0     96     13.4    109    8.8        0
 430   790.0    2174     13.9     96     13.2    109    9.0        0
 435   787.6    2202     13.7     96     13.0    110    9.1        0
 440   785.3    2226     13.6     95     12.9    111    9.2        0
 445   783.3    2247     13.5     95     12.8    111    9.3        0
 450   781.3    2268     13.4     95     12.7    112    9.1        0
 455   779.1    2292     13.3     95     12.5    114    9.0        0
 460   776.8    2318     13.2     95     12.4    115    8.9        0
 465   774.4    2343     13.0     95     12.2    116    8.7        0
 470   772.1    2369     12.9     95     12.1    116    8.7        0
 475   770.0    2391     12.7     95     11.9    116    8.8        0
 480   767.9    2415     12.6     94     11.7    116    8.8        0
 485   765.7    2439     12.5     94     11.5    116    8.8        0
 490   763.6    2462     12.3     93     11.3    117    8.8        0
 495   761.5    2486     12.2     93     11.1    118    8.9        0
 500   759.5    2507     12.1     93     10.9    118    8.9        0
 505   757.6    2528     12.0     92     10.8    119    9.0        0
 510   755.7    2549     12.0     93     10.8    118    9.1        0
 515   753.7    2571     11.9     93     10.8    117    9.2        0
 520   751.8    2593     11.9     93     10.8    117    9.3        0
 525   749.9    2615     11.8     93     10.7    116    9.4        0
 530   748.0    2635     11.7     93     10.6    116    9.5        0
 535   746.2    2656     11.6     93     10.4    116    9.7        0
 540   744.4    2676     11.4     92     10.3    116    9.9        0
 545   742.5    2697     11.3     92     10.0    116   10.1        0
 550   740.6    2719     11.1     91      9.7    116    9.9        0
 555   738.7    2740     11.0     90      9.4    117    9.7        0
 560   736.9    2761     10.9     89      9.1    117    9.5        0
 565   735.1    2781     10.9     87      8.9    117    9.4        0
 570   733.5    2800     10.9     86      8.6    117    9.4        0
 575   731.8    2819     10.9     84      8.4    118    9.4        0
 580   729.9    2841     11.0     83      8.2    118    9.5        0
 585   728.0    2863     11.0     82      8.1    118    9.5        0
 590   726.1    2885     11.0     82      8.2    119    9.7        0
 595   724.2    2906     11.1     82      8.2    119   10.0        0
 600   722.4    2927     11.1     82      8.2    120   10.2        0
 605   720.6    2948     11.0     82      8.0    120   10.4        0
 610   718.8    2969     11.0     81      7.9    121   10.5        0
 615   717.0    2990     10.9     80      7.6    121   10.6        0
 620   715.1    3012     10.8     79      7.4    122   10.6        0
 624   713.8    3028     10.8     79      7.2    122   10.7     4096
 625   713.3    3034     10.7     79      7.2    122   10.7        0
 630   711.6    3053     10.6     79      7.1    123   10.7        0
 635   709.8    3074     10.5     79      7.0    125   10.7        0
 640   708.1    3095     10.3     79      6.9    126   10.7        0
 645   706.3    3115     10.2     80      6.9    127   10.7        0
 650   704.6    3136     10.1     80      6.9    126   10.8        0
 655   702.8    3158      9.9     81      6.8    125   10.9        0
 660   701.0    3178      9.8     81      6.7    124   10.9        0
 663   700.0    3190      9.7     81      6.6    124   11.0    65536
 665   699.3    3199      9.7     81      6.6    123   11.0        0
 670   697.6    3219      9.5     80      6.4    123   11.1        0
 675   695.9    3239      9.4     80      6.2    124   11.2        0
 680   694.2    3259      9.3     80      6.0    124   11.3        0
 685   692.5    3280      9.1     80      6.0    124   11.4        0
 690   690.7    3301      9.0     81      5.9    124   11.3        0
 695   688.8    3324      8.9     82      5.9    124   11.2        0
 700   686.8    3350      8.7     83      6.0    124   11.0        0
 704   685.1    3370      8.6     83      6.0    124   10.9     4096
 705   684.9    3372      8.6     83      6.0    124   10.9        0
 710   683.1    3394      8.5     83      5.8    124   10.8        0
 715   681.4    3414      8.4     83      5.7    124   10.6        0
 720   679.7    3435      8.3     82      5.4    124   10.5        0
 725   677.9    3456      8.2     80      5.1    124   10.4        0
 730   676.1    3478      8.2     79      4.7    125   10.3        0
 735   674.4    3500      8.1     78      4.5    125   10.3        0
 740   672.7    3520      8.0     78      4.4    126   10.2        0
 745   671.0    3542      7.9     78      4.3    127   10.2        0
 750   669.2    3564      7.7     78      4.2    127   10.3        0
 755   667.4    3586      7.6     78      4.1    127   10.3        0
 760   665.5    3609      7.5     78      3.9    128   10.4        0
 765   663.8    3631      7.3     78      3.8    128   10.5        0
 770   662.1    3652      7.2     78      3.6    127   10.7        0
 775   660.3    3674      7.0     78      3.4    127   10.9        0
 780   658.5    3697      6.9     77      3.2    127   11.0        0
 785   656.6    3720      6.8     77      3.0    126   11.2        0
 790   654.8    3744      6.6     77      2.9    126   11.4        0
 795   653.0    3765      6.4     78      2.8    126   11.5        0
 800   651.3    3788      6.2     78      2.7    126   11.7        0
 805   649.5    3811      6.1     78      2.6    125   11.8        0
 810   647.6    3834      6.0     79      2.6    125   11.9        0
 815   645.9    3856      5.9     79      2.5    125   11.9        0
 820   644.1    3878      5.8     78      2.3    124   11.9        0
 825   642.4    3901      5.7     78      2.2    124   11.9        0
 830   640.6    3924      5.5     78      2.0    124   11.7        0
 835   638.8    3947      5.4     77      1.8    124   11.6        0
 840   637.0    3970      5.3     77      1.6    124   11.4        0
 845   635.3    3991      5.1     77      1.4    124   11.3        0
 850   633.6    4013      5.0     77      1.2    125   11.3        0
 855   631.7    4038      4.8     77      1.1    126   11.3        0
 860   629.8    4063      4.7     77      1.0    126   11.2        0
 865   628.0    4086      4.5     77      0.9    127   11.2        0
 870   626.3    4108      4.4     77      0.8    128   11.1        0
 875   624.8    4127      4.3     77      0.7    129   11.0        0
 880   623.3    4147      4.2     77      0.5    130   10.8        0
 885   621.9    4166      4.2     76      0.3    131   10.7        0
 890   620.4    4185      4.1     75      0.2    130   10.6        0
 894   619.3    4200      4.1     74      0.0    129   10.5     2048
 895   619.0    4204      4.1     74     -0.1    129   10.5        0
 900   617.4    4224      4.1     73     -0.3    129   10.4        0
 905   615.9    4244      4.1     72     -0.5    128   10.3        0
 910   614.4    4264      4.0     72     -0.7    127   10.2        0
 915   612.9    4284      3.8     72     -0.8    126   10.1        0
 920   611.4    4305      3.7     72     -0.8    124   10.0        0
 925   610.0    4323      3.7     72     -0.9    123   10.0        0
 930   608.5    4343      3.6     72     -1.0    123    9.9        0
 935   606.9    4365      3.6     71     -1.2    122    9.9        0
 940   605.5    4384      3.5     70     -1.4    122    9.8        0
 945   604.1    4402      3.4     69     -1.7    121    9.8        0
 950   602.7    4421      3.4     68     -2.0    122    9.7        0
 955   601.2    4442      3.3     67     -2.3    123    9.6        0
 960   599.7    4461      3.2     66     -2.6    124    9.5        0
 965   598.3    4480      3.1     64     -3.0    125    9.5        0
 970   596.8    4500      3.1     62     -3.4    124    9.3        0
 975   595.3    4521      2.9     61     -3.8    124    9.2        0
 980   593.8    4542      2.8     60     -4.1    123    9.1        0
 985   592.2    4563      2.7     59     -4.5    123    9.0        0
 990   590.8    4583      2.5     59     -4.7    122    9.1        0
 995   589.4    4602      2.4     59     -4.9    122    9.2        0
1000   588.0    4621      2.2     58     -5.1    122    9.2     4096
1005   586.5    4642      2.0     60     -5.0    121    9.3        0
1010   585.1    4662      1.9     61     -5.0    121    9.4        0
1015   583.6    4682      1.7     61     -4.9    121    9.4        0
1020   582.1    4702      1.5     62     -5.0    121    9.4        0
1025   580.6    4724      1.3     63     -5.0    121    9.5        0
1030   579.1    4745      1.1     64     -5.0    121    9.4        0
1035   577.5    4766      0.9     65     -5.0    121    9.4        0
1040   576.0    4788      0.7     65     -5.1    121    9.3        0
1045   574.4    4810      0.5     66     -5.1    121    9.3        0
1050   572.8    4832      0.4     66     -5.2    121    9.0        0
1054   571.7    4848      0.3     67     -5.2    121    8.8     4096
1055   571.3    4854      0.3     66     -5.3    121    8.8        0
1060   569.8    4875      0.3     63     -5.9    121    8.5        0
1065   568.2    4897      0.3     60     -6.6    121    8.3        0
1070   566.6    4919      0.2     58     -7.2    120    8.1        0
1075   565.0    4942      0.0     56     -7.8    120    7.9        0
1080   563.5    4965     -0.1     54     -8.4    120    7.7        0
1085   561.9    4987     -0.3     53     -8.7    119    7.6        0
1090   560.2    5010     -0.4     52     -9.0    119    7.5        0
1095   558.7    5033     -0.6     52     -9.3    119    7.5        0
1100   557.1    5055     -0.7     51     -9.7    118    7.4        0
1105   555.6    5076     -0.8     49    -10.2    118    7.4     2048
1110   554.0    5100     -1.0     48    -10.6    118    7.3        0
1115   552.4    5124     -1.1     48    -10.9    119    7.2        0
1120   550.8    5147     -1.3     47    -11.3    120    7.0        0
1125   549.2    5169     -1.4     44    -12.2    120    6.9        0
1130   547.6    5192     -1.5     40    -13.3    121    6.5        0
1135   546.0    5216     -1.6     37    -14.4    122    6.1        0
1140   544.3    5242     -1.7     35    -15.4    123    5.7        0
1145   542.5    5267     -1.9     32    -16.4    124    5.3        0
1150   540.6    5295     -2.1     31    -17.2    126    4.9        0
1155   538.8    5322     -2.3     30    -17.7    128    4.4        0
1160   537.1    5347     -2.5     29    -18.2    131    3.9        0
1165   535.4    5372     -2.6     27    -19.4    134    3.5     2048
1170   533.8    5396     -2.8     24    -20.8    132    3.4        0
1175   532.1    5421     -3.0     21    -22.3    130    3.3        0
1180   530.4    5446     -3.1     18    -24.1    127    3.2        0
1185   528.7    5472     -3.2     15    -26.2    124    3.2        0
1190   527.0    5497     -3.3     14    -27.7    125    3.2        0
1195   525.4    5522     -3.4     13    -28.0    126    3.3        0
1200   523.8    5546     -3.5     13    -28.4    127    3.3        0
1205   522.2    5570     -3.7     13    -28.6    128    3.4        0
1210   520.6    5594     -3.9     13    -28.7    130    3.5        0
1215   519.0    5619     -4.0     13    -28.8    131    3.7     4096
1220   517.3    5645     -4.2     13    -28.6    132    3.8        0
1225   515.7    5669     -4.4     14    -28.4    133    3.9        0
1230   514.1    5693     -4.5     14    -28.1    132    4.1        0
1235   512.5    5717     -4.7     15    -27.8    131    4.2        0
1240   510.9    5742     -4.8     16    -27.5    130    4.4        0
1245   509.3    5767     -5.0     16    -27.1    129    4.5        0
1250   507.7    5792     -5.2     17    -26.6    128    4.8        0
1255   506.0    5818     -5.4     18    -26.2    128    5.1        0
1260   504.3    5844     -5.6     19    -25.8    128    5.4        0
1265   502.7    5870     -5.9     20    -25.3    128    5.7        0
1270   501.0    5896     -6.1     21    -24.9    128    5.9        0
1273   500.0    5912     -6.2     22    -24.7    128    6.0    65536
1275   499.5    5920     -6.3     22    -24.6    128    6.1        0
1280   498.1    5941     -6.5     23    -24.3    128    6.3        0
1285   496.8    5962     -6.7     24    -24.2    128    6.5        0
1290   495.5    5983     -6.8     24    -24.3    127    6.6        0
1295   494.1    6005     -7.0     24    -24.5    126    6.6        0
1300   492.6    6028     -7.3     25    -24.1    125    6.7        0
1305   491.1    6052     -7.4     26    -23.8    125    6.8        0
1310   489.6    6075     -7.6     28    -23.3    124    7.2        0
1315   488.2    6098     -7.8     31    -22.2    124    7.6        0
1320   486.7    6122     -8.0     34    -21.3    124    7.9        0
1325   485.3    6145     -8.2     38    -20.3    123    8.3        0
1330   483.8    6169     -8.4     41    -19.3    123    8.6        0
1335   482.3    6192     -8.6     45    -18.5    123    8.9        0
1340   480.9    6216     -8.8     51    -17.3    123    9.2        0
1345   479.4    6239     -9.0     56    -16.1    123    9.5     2048
1350   477.9    6263     -9.2     62    -15.2    125    9.5        0
1355   476.5    6286     -9.3     64    -14.9    128    9.5        0
1360   475.1    6308     -9.4     66    -14.6    130    9.5        0
1365   473.5    6333     -9.5     68    -14.3    132    9.6        0
1370   471.9    6363     -9.5     71    -13.9    136    9.6        0
1375   470.2    6389     -9.6     73    -13.6    141    9.8        0
1376   469.9    6394     -9.6     73    -13.5    142    9.8     4096
1380   468.8    6412     -9.7     72    -13.8    145    9.8        0
1385   467.4    6436     -9.8     71    -14.2    149    9.9        0
1390   465.9    6460     -9.9     69    -14.6    150    9.6        0
1395   464.4    6485     -9.9     63    -15.6    150    9.2        0
1400   463.1    6507     -9.9     58    -16.7    151    8.8        0
1405   462.0    6526     -9.8     51    -18.1    152    8.5     2048
1410   460.9    6544     -9.8     43    -20.1    152    8.1        0
1415   459.7    6563     -9.7     35    -22.5    152    7.7        0
1420   458.6    6583     -9.8     30    -24.3    152    7.3        0
1425   457.4    6603     -9.9     26    -25.8    151    6.9        0
1430   456.1    6625    -10.0     23    -27.6    150    6.8        0
1435   454.9    6645    -10.1     25    -26.5    148    6.7        0
1440   453.7    6666    -10.3     25    -27.0    147    6.6        0
1445   452.5    6686    -10.4     24    -27.4    145    6.5        0
1450   451.3    6706    -10.5     24    -27.5    144    6.4        0
1455   450.1    6726    -10.5     24    -27.6    143    6.3        0
1457   449.7    6733    -10.6     24    -27.6    142    6.2     4096
1460   449.0    6746    -10.6     26    -26.8    142    6.2        0
1465   447.9    6764    -10.6     28    -25.7    141    6.1     2048
1470   446.8    6783    -10.7     31    -24.6    142    5.9     4096
1475   445.8    6801    -10.6     27    -26.2    143    5.8        0
1480   444.7    6820    -10.6     23    -28.0    144    5.7        0
1485   443.6    6839    -10.6     19    -30.0    145    5.6        0
1490   442.5    6859    -10.7     17    -31.6    146    5.5        0
1495   441.3    6878    -10.7     14    -33.6    146    5.3        0
1497   440.8    6886    -10.8     13    -34.5    146    5.3     4096
1500   440.2    6898    -10.9     13    -34.1    146    5.2        0
1505   438.9    6921    -11.0     15    -33.4    146    5.0        0
1510   437.7    6941    -11.2     16    -32.8    147    5.2        0
1515   436.5    6963    -11.4     19    -30.9    148    5.4        0
1520   435.2    6986    -11.6     22    -29.3    149    5.6        0
1524   434.2    7004    -11.7     25    -28.1    149    5.7     4096
1525   433.9    7009    -11.8     25    -28.2    149    5.7        0
1530   432.7    7029    -11.9     24    -28.6    150    5.8        0
1535   431.6    7049    -12.0     23    -29.1    151    5.8        0
1540   430.6    7068    -12.1     21    -30.1    151    5.8        0
1545   429.5    7087    -12.2     18    -31.8    152    5.8        0
1550   428.5    7105    -12.2     15    -34.0    152    5.6        0
1555   427.4    7123    -12.3     14    -34.9    152    5.5        0
1560   426.4    7142    -12.5     13    -35.5    152    5.3        0
1565   425.4    7160    -12.6     13    -36.2    153    5.2        0
1570   424.3    7180    -12.7     12    -36.6    152    5.2        0
1575   423.2    7199    -12.8     12    -37.1    152    5.3        0
1580   422.1    7219    -12.9     11    -37.6    152    5.3        0
1585   421.0    7239    -13.0     11    -38.3    152    5.4        0
1590   419.9    7259    -13.1     10    -39.1    153    5.0        0
1595   418.9    7278    -13.2      9    -39.7    153    4.7        0
1600   417.9    7296    -13.3      9    -40.3    154    4.4        0
1605   416.8    7316    -13.4      8    -41.0    155    4.1        0
1610   415.8    7335    -13.6      8    -41.3    156    4.1        0
1615   414.7    7355    -13.7      8    -41.5    157    4.1        0
1620   413.6    7374    -13.9      8    -41.8    158    4.1        0
1625   412.5    7394    -14.0      8    -42.0    159    4.1        0
1630   411.4    7414    -14.2      8    -42.1    159    4.1        0
1635   410.4    7433    -14.3      8    -42.3    160    4.2        0
1640   409.4    7452    -14.5      8    -42.5    160    4.3        0
1644   408.5    7468    -14.6      8    -42.6    160    4.3     4096
1645   408.3    7472    -14.7      8    -42.6    160    4.3        0
1650   407.3    7491    -14.8      8    -42.5    160    4.3        0
1655   406.2    7511    -15.0      8    -42.5    159    4.3        0
1660   405.2    7530    -15.2      9    -42.0    158    4.3        0
1665   404.2    7550    -15.3     10    -41.2    157    4.4        0
1670   403.2    7569    -15.5     10    -40.5    156    4.3        0
1675   402.2    7587    -15.7     11    -40.2    156    4.1        0
1680   401.2    7605    -15.9     11    -40.0    155    4.0        0
1685   400.2    7623    -16.0     12    -39.8    154    3.9     2048
1686   400.0    7628    -16.1     12    -39.7    155    4.0    65536
1690   399.1    7644    -16.2     12    -39.5    155    4.0        0
1695   398.0    7665    -16.4     13    -39.3    156    4.1        0
1700   397.0    7686    -16.5     13    -39.0    157    4.2        0
1705   395.9    7706    -16.7     14    -38.8    158    4.3        0
1710   394.8    7726    -16.8     14    -38.5    159    4.5        0
1715   393.8    7746    -16.9     14    -38.6    161    4.6        0
1720   392.7    7766    -17.0     14    -38.8    162    4.7        0
1725   391.7    7786    -17.1     14    -38.9    164    4.8        0
1730   390.6    7806    -17.2     14    -39.3    166    4.8        0
1735   389.6    7827    -17.3     13    -39.6    168    4.8        0
1740   388.5    7847    -17.5     13    -39.9    169    4.7        0
1745   387.5    7867    -17.6     13    -40.3    171    4.7        0
1750   386.4    7888    -17.7     12    -40.7    172    4.9        0
1755   385.3    7909    -17.8     12    -41.1    173    5.0        0
1760   384.2    7930    -17.9     12    -41.5    174    5.1        0
1765   383.2    7951    -18.0     11    -41.9    174    5.2        0
1770   382.1    7972    -18.1     11    -42.4    176    5.3        0
1775   381.0    7992    -18.2     10    -42.9    179    5.3        0
1780   379.9    8014    -18.3     10    -43.3    181    5.4        0
1785   378.9    8035    -18.4     10    -43.5    183    5.4     2048
1790   377.8    8056    -18.5     10    -43.6    182    5.4        0
1795   376.8    8076    -18.7     10    -43.7    180    5.4        0
1800   375.7    8098    -18.9     10    -43.7    179    5.4        0
1805   374.5    8121    -19.1     10    -43.7    178    5.4        0
1810   373.5    8142    -19.2     10    -43.7    177    5.4        0
1815   372.4    8164    -19.4     10    -43.7    176    5.4        0
1820   371.3    8186    -19.6     11    -43.6    176    5.5        0
1825   370.1    8209    -19.8     11    -43.7    175    5.5        0
1830   368.9    8233    -20.0     11    -43.8    176    5.4        0
1835   367.7    8257    -20.1     11    -43.8    176    5.3        0
1840   366.5    8281    -20.3     11    -43.8    177    5.1        0
1845   365.4    8305    -20.5     11    -43.8    178    5.0        0
1850   364.2    8329    -20.7     12    -43.8    176    5.1        0
1855   363.1    8352    -20.9     12    -43.8    175    5.2        0
1860   361.9    8376    -21.1     12    -43.8    173    5.3        0
1865   360.7    8401    -21.3     12    -44.0    172    5.4        0
1870   359.5    8425    -21.4     12    -44.3    171    5.5        0
1875   358.3    8450    -21.6     12    -44.5    170    5.7        0
1880   357.1    8474    -21.7     11    -44.8    170    5.9        0
1885   356.0    8498    -21.9     11    -45.1    169    6.1        0
1890   354.8    8522    -22.1     11    -45.3    170    6.3        0
1895   353.6    8546    -22.2     11    -45.6    170    6.4        0
1900   352.5    8570    -22.4     11    -45.7    171    6.6        0
1905   351.3    8594    -22.6     11    -45.7    171    6.7        0
1910   350.2    8618    -22.7     11    -45.7    172    6.8        0
1915   349.1    8641    -22.9     12    -45.5    173    6.9        0
1920   348.0    8664    -23.0     12    -45.1    173    7.0        0
1925   346.9    8687    -23.1     13    -44.7    174    7.1        0
1930   345.8    8711    -23.1     13    -44.8    175    7.4        0
1935   344.6    8735    -23.2     12    -45.1    176    7.6        0
1940   343.5    8759    -23.3     12    -45.4    176    7.9        0
1945   342.4    8782    -23.5     12    -45.6    177    8.1     2048
1950   341.3    8806    -23.6     12    -45.9    178    8.1        0
1955   340.2    8829    -23.8     12    -46.1    179    8.0        0
1960   339.1    8853    -24.0     12    -46.4    180    8.0        0
1965   338.1    8876    -24.2     11    -46.7    181    7.9        0
1970   337.0    8899    -24.4     12    -46.8    182    7.8        0
1975   335.9    8922    -24.6     12    -46.9    182    7.6        0
1980   334.8    8947    -24.8     12    -46.9    182    7.5        0
1985   333.6    8972    -25.0     12    -46.9    182    7.4        0
1990   332.5    8997    -25.2     12    -46.9    182    7.3        0
1995   331.3    9023    -25.4     12    -46.9    181    7.2        0
2000   330.2    9047    -25.5     12    -47.0    181    7.1        0
2005   329.1    9071    -25.7     12    -47.2    180    7.0        0
2010   328.1    9095    -25.9     12    -47.3    180    7.0        0
2015   327.0    9118    -26.1     13    -47.5    179    6.9        0
2020   326.0    9141    -26.3     13    -47.6    178    6.8        0
2025   324.9    9164    -26.5     13    -47.8    177    6.7        0
2030   323.8    9188    -26.7     13    -48.0    178    6.6        0
2035   322.8    9212    -26.9     12    -48.2    179    6.5        0
2040   321.8    9235    -27.1     12    -48.5    180    6.4        0
2045   320.7    9258    -27.2     12    -48.7    180    6.3        0
2050   319.8    9280    -27.4     12    -49.0    183    6.3        0
2055   318.8    9302    -27.5     12    -49.3    185    6.3        0
2060   317.8    9324    -27.7     11    -49.7    188    6.4        0
2065   316.8    9347    -27.9     11    -49.8    190    6.4        0
2070   315.8    9369    -28.0     11    -50.0    191    6.3        0
2075   314.8    9392    -28.2     11    -50.2    193    6.1        0
2080   313.9    9414    -28.4     12    -50.2    194    5.9        0
2085   312.9    9435    -28.6     12    -50.2    196    5.8        0
2090   311.9    9458    -28.8     12    -50.2    197    5.7        0
2095   311.0    9481    -29.1     12    -50.3    197    5.6        0
2100   310.0    9503    -29.3     12    -50.3    198    5.5        0
2105   309.1    9524    -29.5     12    -50.3    199    5.4        0
2110   308.1    9546    -29.7     13    -50.3    200    5.4        0
2115   307.1    9569    -29.9     13    -50.4    202    5.3        0
2120   306.2    9592    -30.1     13    -50.4    203    5.3        0
2125   305.2    9614    -30.3     13    -50.5    205    5.2     2048
2130   304.3    9636    -30.5     13    -50.5    207    5.2        0
2135   303.3    9659    -30.7     14    -50.6    209    5.2        0
2140   302.3    9681    -30.9     14    -50.7    211    5.2        0
2145   301.4    9704    -31.1     14    -50.7    213    5.2        0
2150   300.5    9725    -31.3     14    -50.8    215    5.3        0
2153   300.0    9736    -31.4     14    -50.8    215    5.3    65536
2155   299.6    9747    -31.5     14    -50.8    216    5.4        0
2160   298.7    9768    -31.7     14    -50.8    217    5.5        0
2165   297.8    9789    -31.9     15    -50.8    219    5.5        0
2170   296.9    9811    -32.0     15    -50.9    219    5.6        0
2175   296.0    9831    -32.2     15    -50.9    219    5.6        0
2180   295.2    9850    -32.4     15    -50.9    219    5.6        0
2185   294.4    9870    -32.5     15    -51.0    219    5.7        0
2190   293.5    9890    -32.7     15    -51.1    219    5.7        0
2195   292.7    9911    -32.9     16    -51.2    218    5.8        0
2200   291.9    9931    -33.0     16    -51.2    217    5.8        0
2205   291.0    9951    -33.1     16    -51.3    216    5.9        0
2210   290.2    9972    -33.2     16    -51.4    218    6.2        0
2215   289.3    9993    -33.3     16    -51.5    219    6.6        0
2220   288.4   10016    -33.5     16    -51.7    220    6.9        0
2225   287.4   10039    -33.6     16    -51.8    220    7.3        0
2230   286.5   10063    -33.8     16    -51.9    222    7.5        0
2235   285.5   10085    -33.9     16    -52.0    224    7.7        0
2240   284.7   10107    -34.1     16    -52.2    226    7.9        0
2245   283.8   10128    -34.3     15    -52.4    228    8.1        0
2250   283.0   10148    -34.5     15    -52.6    229    8.3        0
2255   282.1   10169    -34.7     15    -52.8    231    8.5        0
2260   281.3   10189    -34.8     15    -52.9    232    8.7        0
2265   280.5   10209    -35.0     16    -53.0    234    8.9        0
2270   279.7   10229    -35.2     16    -53.1    235    8.9        0
2275   278.9   10249    -35.4     16    -53.2    236    9.0        0
2280   278.1   10269    -35.5     16    -53.3    238    9.1        0
2285   277.4   10288    -35.7     16    -53.3    239    9.1        0
2290   276.6   10307    -35.9     16    -53.4    239    9.2        0
2295   275.8   10327    -36.1     16    -53.4    239    9.3        0
2300   275.0   10347    -36.2     17    -53.4    239    9.4        0
2305   274.3   10367    -36.4     17    -53.5    239    9.5        0
2310   273.5   10387    -36.6     17    -53.7    238    9.5        0
2315   272.6   10408    -36.7     17    -53.9    238    9.6        0
2320   271.8   10429    -36.9     17    -54.0    238    9.6        0
2325   271.0   10450    -37.0     17    -54.1    238    9.7     2048
2330   270.2   10470    -37.2     17    -54.3    239    9.7        0
2335   269.4   10490    -37.3     17    -54.3    239    9.7        0
2340   268.6   10511    -37.5     17    -54.4    240    9.6        0
2345   267.9   10530    -37.6     17    -54.5    241    9.6        0
2350   267.1   10549    -37.8     17    -54.7    241    9.5        0
2355   266.4   10569    -38.0     17    -54.8    241    9.3        0
2360   265.6   10589    -38.1     17    -54.9    241    9.2        0
2365   264.8   10609    -38.3     17    -55.1    241    9.0        0
2370   264.0   10629    -38.5     17    -55.2    241    8.8        0
2375   263.3   10649    -38.7     17    -55.3    240    8.6        0
2380   262.5   10669    -38.8     17    -55.4    240    8.4        0
2385   261.7   10689    -39.0     17    -55.5    240    8.3        0
2390   261.0   10710    -39.2     17    -55.6    240    8.2        0
2395   260.2   10730    -39.3     18    -55.6    240    8.2        0
2400   259.4   10751    -39.5     18    -55.4    240    8.1        0
2405   258.5   10774    -39.6     20    -54.9    240    8.1        0
2410   257.7   10795    -39.8     21    -54.5    241    7.9        0
2415   256.9   10817    -39.9     22    -54.3    241    7.7        0
2420   256.1   10838    -40.0     23    -54.0    241    7.5        0
2425   255.4   10858    -40.2     23    -53.9    242    7.4        0
2430   254.6   10879    -40.4     23    -54.0    241    7.2        0
2435   253.8   10901    -40.5     23    -54.2    240    7.0        0
2440   253.0   10923    -40.7     24    -54.3    238    6.9        0
2445   252.2   10945    -40.9     24    -54.4    237    6.7        0
2450   251.4   10965    -41.1     24    -54.5    237    6.8        0
2455   250.6   10986    -41.3     24    -54.7    236    6.9        0
2459   250.0   11003    -41.5     24    -54.8    236    6.9    65536
2460   249.9   11007    -41.5     24    -54.8    236    6.9        0
2465   249.1   11028    -41.7     24    -54.9    235    7.0        0
2470   248.3   11050    -41.9     25    -54.9    236    7.1        0
2475   247.5   11072    -42.1     25    -54.9    236    7.2        0
2480   246.7   11094    -42.3     26    -54.8    236    7.2        0
2485   245.9   11116    -42.6     27    -54.6    237    7.3        0
2490   245.1   11138    -42.8     28    -54.5    238    7.4        0
2495   244.3   11160    -43.0     29    -54.4    238    7.4        0
2500   243.4   11183    -43.2     30    -54.4    239    7.4        0
2505   242.6   11206    -43.4     31    -54.3    240    7.5        0
2510   241.8   11230    -43.6     31    -54.3    240    7.5        0
2515   240.9   11254    -43.8     32    -54.3    241    7.6        0
2520   240.1   11277    -44.0     33    -54.3    241    7.6        0
2525   239.2   11301    -44.2     33    -54.4    242    7.7        0
2530   238.4   11325    -44.4     34    -54.4    243    7.7        0
2535   237.5   11349    -44.6     35    -54.4    244    7.7        0
2540   236.8   11371    -44.8     36    -54.3    246    7.7        0
2545   236.0   11393    -45.0     36    -54.3    247    7.7        0
2550   235.2   11415    -45.2     37    -54.4    247    7.7        0
2555   234.4   11437    -45.4     37    -54.5    248    7.6        0
2560   233.6   11460    -45.6     38    -54.6    248    7.5        0
2565   232.9   11482    -45.8     38    -54.6    249    7.4     2048
2570   232.1   11504    -46.0     39    -54.7    248    7.5        0
2575   231.3   11526    -46.2     39    -54.8    247    7.5        0
2580   230.6   11548    -46.4     39    -54.9    246    7.5        0
2585   229.8   11570    -46.6     40    -55.1    244    7.5        0
2590   229.0   11592    -46.8     40    -55.2    244    7.6        0
2595   228.2   11616    -47.0     40    -55.3    243    7.6        0
2600   227.4   11639    -47.2     41    -55.4    242    7.6        0
2605   226.6   11663    -47.4     41    -55.5    242    7.7        0
2610   225.8   11686    -47.7     42    -55.6    241    7.7        0
2615   225.0   11709    -47.9     42    -55.7    241    7.7        0
2620   224.2   11733    -48.1     43    -55.8    240    7.8        0
2625   223.4   11756    -48.3     43    -55.9    240    7.8        0
2630   222.7   11778    -48.5     44    -56.0    240    7.9        0
2635   221.9   11802    -48.7     44    -56.1    240    7.9        0
2640   221.1   11825    -48.9     45    -56.2    240    8.0        0
2645   220.3   11849    -49.1     45    -56.3    241    8.1        0
2650   219.5   11873    -49.3     45    -56.5    242    8.1        0
2655   218.7   11896    -49.5     45    -56.6    243    8.2        0
2660   217.9   11920    -49.7     45    -56.8    244    8.3        0
2665   217.1   11944    -49.9     45    -57.0    246    8.4        0
2670   216.4   11968    -50.2     45    -57.2    246    8.3        0
2675   215.6   11992    -50.4     46    -57.4    247    8.3        0
2680   214.7   12017    -50.6     46    -57.5    247    8.2        0
2685   213.9   12042    -50.8     46    -57.6    248    8.2        0
2690   213.1   12067    -51.1     47    -57.8    248    8.4        0
2695   212.3   12090    -51.3     47    -57.9    248    8.6        0
2700   211.6   12113    -51.5     47    -58.1    248    8.7        0
2705   210.8   12137    -51.7     47    -58.3    248    8.9        0
2710   210.0   12162    -51.9     47    -58.5    247    9.2        0
2715   209.2   12187    -52.1     48    -58.6    246    9.6        0
2720   208.4   12211    -52.3     48    -58.8    245    9.9        0
2725   207.7   12235    -52.5     48    -58.9    244   10.3        0
2730   206.9   12259    -52.7     48    -59.1    244   10.5        0
2735   206.1   12283    -52.9     48    -59.3    245   10.8        0
2740   205.3   12308    -53.2     49    -59.4    245   11.0        0
2745   204.6   12332    -53.4     49    -59.6    245   11.2        0
2750   203.8   12358    -53.6     49    -59.8    245   11.4        0
2755   203.0   12381    -53.8     49    -60.0    244   11.6        0
2760   202.3   12404    -54.0     49    -60.3    244   11.7        0
2765   201.5   12429    -54.3     49    -60.4    243   11.9        0
2770   200.8   12452    -54.5     50    -60.5    243   11.9        0
2775   200.0   12478    -54.7     50    -60.6    243   12.0    65536
2780   199.3   12498    -54.9     50    -60.8    243   12.0        0
2785   198.6   12521    -55.2     50    -61.0    243   12.1        0
2790   197.9   12544    -55.4     50    -61.2    243   11.9        0
2795   197.2   12568    -55.6     51    -61.4    243   11.8        0
2800   196.5   12591    -55.8     51    -61.6    243   11.6        0
2805   195.8   12614    -56.0     51    -61.8    243   11.5        0
2810   195.0   12638    -56.2     51    -62.0    242   11.5        0
2815   194.3   12663    -56.4     51    -62.2    242   11.5        0
2820   193.6   12686    -56.7     51    -62.4    241   11.5        0
2825   192.9   12709    -56.9     51    -62.5    240   11.5        0
2830   192.2   12732    -57.1     51    -62.7    239   11.7        0
2835   191.5   12755    -57.2     51    -62.8    237   11.8        0
2840   190.8   12778    -57.4     52    -63.0    236   11.9        0
2845   190.1   12802    -57.6     52    -63.1    234   12.1        0
2850   189.4   12826    -57.8     52    -63.3    233   12.1        0
2855   188.6   12849    -58.0     52    -63.4    232   12.2        0
2860   187.9   12874    -58.1     52    -63.6    231   12.3        0
2865   187.2   12897    -58.3     52    -63.7    230   12.4        0
2870   186.5   12922    -58.5     52    -63.9    228   12.6        0
2875   185.8   12946    -58.6     52    -64.0    227   12.7        0
2880   185.1   12969    -58.8     53    -64.1    226   12.9        0
2885   184.4   12992    -59.0     53    -64.2    224   13.1        0
2890   183.7   13017    -59.1     53    -64.4    224   13.2        0
2895   183.0   13041    -59.3     53    -64.5    224   13.4     4096
2900   182.3   13065    -59.4     52    -64.7    224   13.6        0
2905   181.6   13089    -59.5     52    -64.9    224   13.7     2048
2910   180.8   13116    -59.6     51    -65.2    224   14.3        0
2915   179.8   13150    -59.7     50    -65.4    225   14.9        0
2920   179.0   13180    -59.9     49    -65.6    225   15.4        0
2925   178.3   13205    -60.0     49    -65.8    226   16.0        0
2930   177.6   13230    -60.1     49    -66.0    227   16.2        0
2935   176.8   13255    -60.3     49    -66.1    229   16.5        0
2940   176.0   13284    -60.5     48    -66.4    231   16.8        0
2945   175.1   13317    -60.7     48    -66.6    233   17.1        0
2949   174.6   13336    -60.8     48    -66.8    234   17.3     4096
2950   174.4   13343    -60.9     48    -66.9    234   17.3        0
2955   173.7   13369    -61.1     48    -67.0    235   17.6        0
2960   173.0   13394    -61.3     48    -67.1    237   17.9        0
2965   172.2   13421    -61.4     48    -67.3    238   18.2        0
2970   171.5   13448    -61.6     48    -67.4    239   19.0        0
2975   170.7   13475    -61.7     48    -67.6    241   19.9        0
2980   170.0   13502    -61.9     48    -67.7    242   20.7        0
2985   169.2   13530    -62.0     49    -67.8    244   21.6        0
2990   168.6   13554    -62.2     49    -67.9    245   21.9        0
2995   167.9   13578    -62.3     49    -68.0    246   22.2        0
3000   167.3   13601    -62.5     49    -68.1    247   22.5        0
3005   166.7   13624    -62.7     49    -68.3    248   22.7        0
3010   166.0   13647    -62.8     49    -68.5    248   22.9        0
3015   165.4   13671    -63.0     49    -68.7    248   23.0        0
3020   164.8   13695    -63.2     49    -68.9    248   23.1        0
3025   164.1   13719    -63.4     49    -69.0    248   23.2        0
3030   163.5   13742    -63.6     49    -69.2    247   23.2        0
3035   162.9   13765    -63.7     49    -69.3    246   23.3        0
3040   162.3   13788    -63.9     50    -69.4    246   23.4        0
3045   161.7   13812    -64.1     50    -69.6    245   23.4        0
3050   161.1   13835    -64.3     49    -69.9    245   23.4        0
3055   160.5   13858    -64.5     48    -70.2    244   23.4        0
3060   159.9   13880    -64.7     49    -70.3    244   23.4        0
3065   159.3   13903    -64.9     49    -70.5    244   23.3        0
3070   158.7   13927    -65.1     49    -70.6    244   23.5        0
3075   158.1   13950    -65.2     49    -70.7    244   23.6        0
3080   157.5   13973    -65.4     50    -70.8    244   23.8        0
3085   156.9   13995    -65.6     50    -71.0    245   24.0        0
3090   156.3   14019    -65.7     50    -71.2    245   24.1        0
3095   155.7   14044    -65.9     49    -71.3    246   24.2        0
3100   155.0   14069    -66.1     49    -71.5    246   24.3        0
3105   154.4   14094    -66.2     50    -71.6    247   24.5     2048
3110   153.8   14118    -66.4     50    -71.8    247   24.4        0
3115   153.2   14141    -66.6     50    -71.9    248   24.3        0
3120   152.6   14164    -66.8     50    -72.1    248   24.2        0
3125   152.0   14187    -66.9     50    -72.2    249   24.2        0
3130   151.4   14211    -67.1     50    -72.4    249   24.2        0
3135   150.9   14233    -67.3     51    -72.5    250   24.2        0
3140   150.3   14256    -67.5     51    -72.6    250   24.3        0
3142   150.0   14268    -67.6     51    -72.7    250   24.3    65536
3145   149.7   14281    -67.7     51    -72.8    251   24.3        0
3150   149.1   14304    -67.9     50    -73.0    251   24.1        0
3155   148.5   14328    -68.1     50    -73.3    252   23.9        0
3160   147.9   14353    -68.3     50    -73.5    253   23.8        0
3165   147.3   14378    -68.5     50    -73.7    253   23.6        0
3170   146.7   14404    -68.7     50    -73.9    254   23.5        0
3175   146.1   14429    -68.9     49    -74.1    254   23.3        0
3180   145.4   14455    -69.1     49    -74.4    255   23.2        0
3185   144.8   14481    -69.3     49    -74.6    255   23.1        0
3190   144.2   14506    -69.5     49    -74.7    255   22.8        0
3195   143.5   14533    -69.7     50    -74.9    256   22.5        0
3200   142.9   14560    -70.0     50    -75.1    256   22.2        0
3205   142.3   14586    -70.2     50    -75.3    257   21.8        0
3210   141.7   14612    -70.4     50    -75.6    258   21.7        0
3215   141.0   14639    -70.6     50    -75.8    259   21.6        0
3220   140.4   14667    -70.8     50    -76.0    260   21.5        0
3225   139.7   14693    -71.1     50    -76.2    261   21.4        0
3230   139.1   14718    -71.3     50    -76.4    262   21.2        0
3235   138.5   14745    -71.5     50    -76.5    263   21.1        0
3240   137.9   14773    -71.7     51    -76.6    265   21.0        0
3245   137.3   14798    -71.9     51    -76.7    266   20.9        0
3250   136.7   14822    -72.1     52    -76.8    267   20.7        0
3255   136.2   14845    -72.3     53    -76.9    267   20.5        0
3260   135.6   14869    -72.4     53    -77.0    268   20.3        0
3265   135.1   14893    -72.6     53    -77.2    269   20.2        0
3270   134.6   14916    -72.8     53    -77.4    269   20.0        0
3275   134.0   14941    -73.0     54    -77.5    270   19.8        0
3280   133.5   14965    -73.2     54    -77.7    270   19.6        0
3285   132.9   14988    -73.4     54    -77.8    271   19.4     2048
3290   132.4   15012    -73.6     54    -78.0    270   19.2        0
3295   131.9   15036    -73.9     54    -78.2    270   19.1        0
3300   131.3   15059    -74.1     54    -78.4    270   18.9        0
3305   130.8   15082    -74.3     54    -78.6    270   18.7        0
3310   130.3   15106    -74.5     54    -78.8    270   18.6        0
3315   129.8   15129    -74.7     54    -79.0    269   18.4        0
3320   129.2   15154    -74.9     54    -79.3    269   18.2        0
3325   128.7   15178    -75.1     54    -79.5    269   18.1        0
3330   128.2   15201    -75.3     54    -79.6    269   17.8        0
3335   127.7   15225    -75.4     54    -79.8    269   17.6        0
3340   127.1   15248    -75.6     54    -79.9    268   17.4        0
3345   126.6   15272    -75.8     54    -80.1    268   17.1        0
3350   126.1   15296    -75.9     54    -80.3    268   16.8        0
3355   125.6   15319    -76.0     54    -80.4    268   16.4        0
3360   125.1   15343    -76.2     54    -80.5    268   16.1        0
3365   124.6   15366    -76.3     54    -80.6    268   15.8        0
3370   124.1   15390    -76.4     54    -80.7    267   15.5        0
3375   123.6   15414    -76.5     54    -80.8    265   15.2        0
3380   123.1   15438    -76.6     54    -80.9    264   14.9        0
3385   122.6   15461    -76.7     54    -81.0    262   14.7        0
3390   122.1   15484    -76.8     55    -81.0    261   14.1        0
3392   121.9   15494    -76.9     55    -81.0    261   13.9     4096
3395   121.6   15507    -76.9     55    -81.1    260   13.6        0
3400   121.1   15528    -77.0     55    -81.1    259   13.0        0
3405   120.7   15550    -77.0     55    -81.2    258   12.5        0
3410   120.2   15572    -77.1     54    -81.3    256   12.0        0
3415   119.8   15594    -77.2     54    -81.4    254   11.6        0
3420   119.3   15616    -77.2     54    -81.5    252   11.1        0
3425   118.9   15638    -77.3     54    -81.5    250   10.7        0
3430   118.4   15661    -77.3     54    -81.6    249   10.9        0
3435   117.9   15683    -77.4     54    -81.6    248   11.2        0
3440   117.5   15706    -77.5     55    -81.7    247   11.4        0
3445   117.0   15729    -77.6     55    -81.7    246   11.7    43008
3450   116.5   15753    -77.6     55    -81.7    246   12.2        0
3455   116.0   15776    -77.6     55    -81.8    247   12.7        0
3460   115.6   15799    -77.6     55    -81.8    247   13.3        0
3465   115.1   15823    -77.6     54    -81.9    247   13.8        0
3470   114.6   15845    -77.6     53    -81.9    249   14.2        0
3475   114.2   15869    -77.5     52    -82.0    251   14.6        0
3480   113.7   15892    -77.5     52    -82.1    253   15.0        0
3485   113.3   15913    -77.5     51    -82.1    254   15.4        0
3490   112.9   15934    -77.5     52    -82.0    255   15.2        0
3495   112.5   15956    -77.5     52    -81.9    257   15.0        0
3500   112.0   15979    -77.5     53    -81.9    258   14.8        0
3505   111.5   16003    -77.5     53    -81.9    259   14.7     2048
3510   111.1   16027    -77.6     53    -82.0    259   14.3        0
3515   110.6   16050    -77.6     53    -82.0    258   13.9        0
3520   110.2   16075    -77.7     53    -82.1    257   13.6        0
3525   109.7   16101    -77.8     53    -82.1    256   13.2     8192
3530   109.2   16124    -77.7     53    -82.1    254   12.5        0
3535   108.8   16148    -77.7     53    -82.0    252   11.9        0
3540   108.3   16172    -77.7     53    -82.0    250   11.2        0
3545   107.8   16197    -77.5     53    -81.9    247   10.6        0
3550   107.4   16221    -77.4     53    -81.8    245   10.5        0
3555   107.0   16244    -77.3     53    -81.7    242   10.4        0
3560   106.5   16269    -77.1     53    -81.5    240   10.4        0
3565   106.1   16293    -76.9     52    -81.4    237   10.4        0
3570   105.6   16317    -76.8     51    -81.4    235   10.5        0
3575   105.2   16340    -76.6     51    -81.3    232   10.6        0
3579   104.8   16362    -76.5     50    -81.2    230   10.8     4096
3580   104.7   16365    -76.4     50    -81.2    230   10.8        0
3585   104.3   16390    -76.3     51    -81.0    227   11.0        0
3590   103.8   16416    -76.1     51    -80.8    226   10.3        0
3595   103.3   16443    -75.9     51    -80.6    225    9.5        0
3600   102.8   16471    -75.8     51    -80.5    224    8.8        0
3605   102.4   16498    -75.7     51    -80.4    222    8.2        0
3610   101.9   16523    -75.6     51    -80.3    221    7.9        0
3615   101.5   16547    -75.5     51    -80.2    220    7.7        0
3620   101.1   16572    -75.3     51    -80.1    218    7.5        0
3625   100.7   16596    -75.2     51    -79.9    217    7.3        0
3630   100.2   16620    -75.1     51    -79.8    219    7.9        0
3633   100.0   16634    -75.0     52    -79.7    219    8.3    75776
3635    99.8   16644    -74.9     52    -79.6    220    8.5        0
3640    99.4   16668    -74.8     52    -79.5    221    9.1        0
3645    99.0   16691    -74.7     52    -79.3    223    9.7        0
3650    98.6   16716    -74.6     52    -79.3    225    9.7        0
3655    98.2   16741    -74.5     51    -79.2    228    9.7        0
3660    97.8   16767    -74.4     51    -79.2    231    9.8        0
3665    97.3   16791    -73.5     50    -78.4    233    9.9     2048
3670    96.9   16816    -74.0     50    -78.9    238    9.7        0
3675    96.5   16841    -73.7     49    -78.8    243    9.5        0
3680    96.1   16866    -73.5     49    -78.6    248    9.3        0
3685    95.7   16892    -73.4     49    -78.5    253    9.2        0
3690    95.3   16918    -73.2     49    -78.3    258    8.8        0
3695    94.8   16944    -73.1     50    -78.1    262    8.4        0
3700    94.4   16971    -72.9     50    -77.9    268    7.9        0
3705    94.0   16998    -71.5     50    -76.6    274    7.5     2048
3710    93.5   17026    -72.7     51    -77.6    270    7.6        0
3715    93.1   17053    -72.6     51    -77.5    266    7.8        0
3720    92.7   17081    -72.6     51    -77.5    262    8.0        0
3725    92.2   17109    -72.6     52    -77.4    258    8.2        0
3730    91.8   17136    -72.5     51    -77.4    255    8.7        0
3735    91.4   17160    -72.5     51    -77.4    252    9.2        0
3740    91.0   17184    -72.4     50    -77.4    249    9.7        0
3745    90.7   17209    -71.6     43    -77.7    247   10.2     2048
3750    90.3   17234    -72.1     35    -79.6    250   10.0        0
3755    89.9   17260    -71.9     28    -80.9    254    9.9        0
3760    89.5   17284    -71.8     28    -80.9    258    9.7        0
3765    89.2   17309    -71.6     28    -80.8    262    9.7        0
3770    88.8   17333    -71.5     28    -80.7    266    9.8        0
3775    88.4   17356    -71.4     28    -80.7    270   10.1        0
3780    88.1   17379    -71.3     27    -80.6    275   10.2        0
3781    88.0   17385    -70.0     27    -79.4    276   10.3     8192
3785    87.7   17403    -71.3     27    -80.6    278   10.5        0
3790    87.4   17429    -71.3     27    -80.6    281   10.5        0
3795    87.0   17454    -71.2     27    -80.6    284   10.6        0
3800    86.6   17480    -71.2     27    -80.6    286   10.7        0
3805    86.3   17504    -70.3     27    -79.8    289   10.8     2048
3810    85.9   17529    -71.3     27    -80.8    291   10.7        0
3815    85.6   17553    -71.4     26    -80.9    294   10.6        0
3820    85.2   17578    -71.4     26    -81.0    296   10.6        0
3825    84.9   17603    -71.5     26    -81.1    299   10.6        0
3830    84.5   17629    -71.5     26    -81.2    301    9.9        0
3835    84.1   17656    -71.5     25    -81.3    303    9.3        0
3840    83.7   17683    -71.4     25    -81.3    306    8.7        0
3844    83.4   17705    -70.7     25    -80.7    308    8.3     8192
3845    83.3   17710    -71.4     25    -81.3    309    8.2        0
3850    83.0   17737    -71.3     24    -81.4    312    7.0        0
3855    82.6   17762    -71.1     24    -81.4    316    5.8        0
3860    82.3   17787    -71.0     23    -81.5    323    4.6        0
3865    81.9   17812    -70.0     23    -80.6    334    3.4     2048
3870    81.6   17838    -70.7     23    -81.3    351    3.3        0
3875    81.2   17864    -70.5     22    -81.3    018    3.2        0
3880    80.8   17890    -70.3     22    -81.2    050    3.1        0
3885    80.5   17918    -69.0     22    -80.1    072    3.0     2048
3890    80.1   17944    -70.1     21    -81.2    087    4.1        0
3894    79.8   17967    -68.5     21    -79.8    095    5.0     8192
3895    79.8   17972    -70.1     21    -81.2    096    5.2        0
3900    79.4   17997    -70.1     21    -81.3    101    6.3        0
3905    79.1   18022    -70.2     21    -81.3    105    7.4        0
3910    78.7   18048    -70.3     21    -81.4    107    7.8        0
3915    78.4   18076    -70.4     21    -81.5    108    8.2        0
3920    78.0   18104    -70.6     21    -81.7    109    8.5        0
3925    77.6   18131    -70.8     21    -81.8    111    8.9        0
3930    77.3   18157    -71.0     21    -81.9    112    9.2        0
3935    77.0   18182    -71.2     21    -82.2    113    9.6        0
3940    76.6   18210    -71.4     21    -82.4    114    9.9        0
3945    76.3   18237    -70.5     21    -81.6    115   10.2     2048
3950    75.9   18264    -71.8     21    -82.8    117   10.2        0
3955    75.6   18291    -72.0     21    -83.1    118   10.1        0
3960    75.2   18318    -72.1     21    -83.2    120   10.1        0
3965    74.9   18345    -72.2     20    -83.4    121   10.1        0
3970    74.6   18373    -72.3     20    -83.5    125    9.8        0
3975    74.2   18399    -72.3     20    -83.7    129    9.6        0
3980    73.9   18425    -72.3     19    -83.8    133    9.4        0
3982    73.8   18435    -71.6     19    -83.3    135    9.4     8192
3985    73.6   18451    -72.3     19    -84.0    137    9.3        0
3990    73.2   18477    -72.3     18    -84.1    140    9.0        0
3995    72.9   18503    -72.2     18    -84.2    144    8.7        0
4000    72.6   18531    -72.1     18    -84.2    147    8.5        0
4005    72.2   18560    -71.0     18    -83.3    151    8.3     2048
4010    71.9   18588    -71.6     17    -84.0    149    8.3        0
4015    71.6   18615    -71.3     17    -83.8    146    8.3        0
4020    71.2   18640    -70.9     17    -83.6    144    8.4        0
4025    70.9   18665    -70.2     16    -83.1    142    8.4     2048
4030    70.6   18692    -70.2     16    -83.3    144    7.2        0
4035    70.3   18717    -69.9     15    -83.2    146    6.1        0
4040    70.0   18742    -69.5     15    -83.0    150    4.9        0
4041    70.0   18746    -68.1     15    -81.8    150    4.7    65536
4045    69.8   18767    -69.0     15    -82.7    155    3.8        0
4050    69.5   18791    -68.6     15    -82.5    161    3.2        0
4055    69.2   18816    -68.2     14    -82.2    176    2.6        0
4060    68.9   18842    -67.8     14    -81.9    221    2.0        0
4065    68.6   18867    -66.4     14    -80.8    276    1.4     2048
4070    68.3   18892    -67.3     14    -81.6    317    1.9        0
4075    68.0   18916    -67.1     14    -81.5    346    2.4        0
4080    67.8   18942    -66.9     14    -81.4    001    3.0        0
4085    67.5   18966    -65.4     14    -80.1    008    3.5     2048
4090    67.2   18992    -66.6     14    -81.2    020    3.9        0
4095    66.9   19018    -66.4     14    -81.1    029    4.3        0
4100    66.6   19044    -66.3     14    -81.0    037    4.7        0
4104    66.4   19062    -65.3     13    -80.1    041    5.0     4096
4105    66.4   19070    -65.3     14    -80.1    043    5.2     2048
4110    66.1   19097    -66.1     14    -80.8    039    5.2        0
4115    65.8   19122    -66.0     14    -80.7    036    5.3        0
4120    65.5   19149    -65.9     14    -80.6    033    5.4        0
4125    65.2   19175    -65.9     13    -80.7    030    5.5        0
4130    64.9   19202    -65.8     13    -80.7    029    6.1        0
4135    64.6   19229    -65.7     13    -80.7    027    6.8        0
4140    64.4   19256    -64.4    ---      ---    026    7.4    14336
4145    64.1   19284    -65.6     13    -80.6    025    8.1        0
4150    63.8   19312    -65.5     13    -80.6    030    8.2        0
4152    63.7   19323    -64.5    ---      ---    031    8.3    14336
4155    63.5   19341    -65.4     13    -80.6    034    8.3        0
4160    63.2   19370    -65.3     13    -80.6    039    8.4        0
4165    62.9   19398    -65.3     12    -80.7    043    8.6        0
4170    62.6   19427    -65.2     12    -80.7    047    8.9        0
4175    62.3   19456    -65.1     12    -80.8    050    9.2        0
4180    62.0   19484    -65.1     12    -80.9    053    9.6        0
4185    61.7   19511    -65.0     12    -81.0    056   10.0        0
4190    61.4   19540    -65.0     12    -80.9    058   10.1        0
4195    61.2   19568    -64.9     12    -80.9    060   10.3        0
4200    60.9   19597    -64.9     12    -80.9    061   10.5        0
4205    60.6   19625    -64.9     11    -80.8    063   10.6        0
4210    60.3   19653    -64.8     11    -80.8    067   10.4        0
4215    60.0   19680    -64.8     11    -80.9    072   10.4        0
4220    59.8   19708    -64.8     11    -81.0    076   10.2        0
4225    59.5   19735    -64.9     11    -81.1    081   10.2        0
4230    59.2   19765    -64.9     11    -81.2    086   10.7        0
4235    59.0   19792    -64.9     11    -81.4    091   11.2        0
4240    58.7   19819    -64.9     11    -81.4    096   11.6        0
4245    58.4   19846    -64.9     11    -81.4    100   12.3        0
4250    58.2   19874    -64.9     11    -81.4    103   12.6        0
4255    57.9   19904    -64.8     11    -81.4    107   12.9        0
4260    57.6   19933    -64.8     10    -81.5    110   13.3        0
4265    57.4   19961    -64.8     10    -81.5    113   13.7        0
4270    57.1   19988    -64.7     10    -81.6    114   13.4        0
4275    56.8   20016    -64.7     10    -81.7    114   13.1        0
4280    56.6   20043    -64.6     10    -81.8    115   12.8        0
4285    56.3   20070    -64.5     10    -81.8    116   12.5        0
4290    56.1   20096    -64.4     10    -81.7    114   11.8        0
4295    55.9   20122    -64.3      9    -81.7    111   11.2        0
4300    55.6   20150    -64.2      9    -81.6    108   10.6        0
4305    55.4   20178    -64.1      9    -81.5    105   10.0        0
4310    55.1   20206    -64.1      9    -81.6    100    9.7        0
4315    54.9   20234    -64.0      9    -81.7    095    9.4        0
4320    54.6   20260    -64.0      9    -81.8    089    9.0        0
4325    54.4   20287    -64.1      9    -81.8    083    8.7        0
4330    54.2   20315    -64.2      9    -81.9    081    8.5        0
4335    53.9   20343    -64.2      9    -82.0    080    8.3        0
4340    53.7   20371    -64.3      9    -82.0    079    8.1        0
4345    53.4   20400    -64.5      9    -82.0    077    8.0        0
4350    53.2   20429    -64.6      9    -82.1    078    8.0        0
4355    52.9   20456    -64.7      9    -82.2    079    8.1        0
4360    52.7   20484    -64.7      9    -82.3    080    8.2        0
4365    52.4   20512    -64.8      9    -82.4    081    8.2        0
4370    52.2   20541    -64.8      9    -82.6    083    8.0        0
4375    52.0   20569    -64.8      9    -82.7    085    7.8        0
4380    51.7   20596    -64.8      9    -82.8    087    7.6        0
4385    51.5   20624    -64.8      8    -83.0    090    7.5        0
4390    51.3   20651    -64.8      8    -83.1    090    7.6        0
4395    51.0   20678    -64.8      8    -83.2    091    7.7        0
4400    50.8   20704    -64.8      8    -83.2    091    7.8        0
4405    50.6   20731    -64.8      8    -83.2    092    7.9        0
4410    50.4   20759    -64.7      8    -83.2    088    8.2        0
4415    50.1   20787    -64.7      8    -83.2    085    8.5        0
4418    50.0   20804    -63.4      8    -82.2    083    8.7    65536
4420    49.9   20816    -64.7      8    -83.3    082    8.9        0
4425    49.7   20844    -64.8      8    -83.4    079    9.3        0
4430    49.5   20871    -64.8      8    -83.5    080    9.6        0
4435    49.3   20897    -64.8      7    -83.7    081    9.9        0
4440    49.0   20924    -64.9      7    -83.9    082   10.2        0
4445    48.8   20952    -64.9      7    -83.9    083   10.5        0
4450    48.6   20980    -64.9      7    -84.0    084   10.3        0
4455    48.4   21009    -64.9      7    -84.1    085   10.1        0
4460    48.1   21037    -64.9      7    -84.1    086    9.9        0
4465    47.9   21065    -64.9      7    -84.2    088    9.7        0
4470    47.7   21094    -64.9      7    -84.2    087    9.3        0
4475    47.5   21122    -64.9      7    -84.2    086    8.8        0
4480    47.3   21150    -64.9      7    -84.2    085    8.3        0
4485    47.0   21178    -64.8      7    -84.2    083    7.9        0
4490    46.8   21206    -64.8      7    -84.3    081    7.8        0
4495    46.6   21234    -64.7      7    -84.3    079    7.8        0
4500    46.4   21262    -64.7      7    -84.3    077    7.8        0
4505    46.2   21290    -64.6      7    -84.4    075    7.8        0
4510    46.0   21318    -64.6      7    -84.4    077    7.6        0
4515    45.8   21347    -64.5      6    -84.4    078    7.4        0
4520    45.6   21375    -64.5      6    -84.5    080    7.2        0
4525    45.3   21403    -64.4      6    -84.6    082    7.0        0
4530    45.1   21432    -64.4      6    -84.7    080    7.2        0
4535    44.9   21462    -64.3      6    -84.8    078    7.4        0
4540    44.7   21491    -64.3      6    -84.8    077    7.6        0
4545    44.5   21520    -64.2      6    -84.8    075    7.9        0
4550    44.3   21549    -64.1      6    -84.9    074    8.0        0
4555    44.1   21579    -64.1      6    -85.0    073    8.1        0
4560    43.9   21607    -64.0      5    -85.1    072    8.2        0
4565    43.7   21636    -63.9      5    -85.1    071    8.4        0
4570    43.4   21667    -63.9      5    -85.1    075    9.0        0
4575    43.2   21696    -63.8      5    -85.1    079    9.7        0
4580    43.0   21727    -63.7      5    -85.1    083   10.5        0
4585    42.8   21757    -63.7      5    -85.1    086   11.2        0
4590    42.6   21788    -63.7      5    -85.1    089   11.9        0
4595    42.4   21818    -63.6      5    -85.1    092   12.7        0
4600    42.2   21847    -63.6      5    -85.1    095   13.5        0
4605    42.0   21876    -63.6      5    -85.2    097   14.3        0
4610    41.8   21906    -63.6      5    -85.2    096   14.6        0
4615    41.6   21937    -63.6      5    -85.3    094   14.9        0
4620    41.4   21966    -63.6      5    -85.3    093   15.2        0
4625    41.2   21995    -63.6      5    -85.3    091   15.5        0
4630    41.0   22024    -63.6      5    -85.4    088   15.2        0
4635    40.8   22053    -63.6      5    -85.5    085   15.0        0
4640    40.6   22083    -63.6      5    -85.6    082   14.7        0
4645    40.4   22113    -63.7      5    -85.7    078   14.6        0
4650    40.2   22142    -63.7      5    -85.8    076   14.5        0
4655    40.0   22171    -63.8      5    -85.9    074   14.4        0
4660    39.9   22199    -63.8      5    -85.9    072   14.3        0
4665    39.7   22228    -63.8      5    -85.9    070   14.3        0
4670    39.5   22256    -63.8      5    -86.0    072   14.0        0
4675    39.3   22286    -63.9      5    -86.0    073   13.8        0
4680    39.1   22316    -63.9      5    -86.1    074   13.5        0
4685    38.9   22344    -64.0      5    -86.2    076   13.3        0
4690    38.7   22373    -64.0      5    -86.3    077   13.5        0
4695    38.6   22401    -64.0      4    -86.4    079   13.7        0
4700    38.4   22429    -64.0      4    -86.5    080   13.9        0
4705    38.2   22456    -64.0      4    -86.5    082   14.1        0
4710    38.1   22484    -64.0      4    -86.6    083   14.3        0
4715    37.9   22513    -63.9      4    -86.7    083   14.5        0
4720    37.7   22544    -63.9      4    -86.7    084   14.7        0
4725    37.5   22574    -63.9      4    -86.8    085   14.9        0
4730    37.3   22604    -63.9      4    -86.8    086   14.4        0
4735    37.1   22634    -63.9      4    -86.9    087   14.0        0
4740    37.0   22664    -63.9      4    -86.9    089   13.5        0
4745    36.8   22694    -63.9      4    -86.9    090   13.1        0
4750    36.6   22724    -63.9      4    -86.9    088   12.7        0
4755    36.4   22754    -63.8      4    -86.9    086   12.2        0
4760    36.3   22782    -63.8      4    -87.0    085   11.8        0
4765    36.1   22812    -63.7      4    -87.0    083   11.4        0
4770    35.9   22842    -63.7      4    -87.0    081   11.7        0
4775    35.7   22872    -63.6      4    -87.1    080   12.0        0
4780    35.6   22902    -63.4      4    -87.0    079   12.3        0
4785    35.4   22932    -63.2      4    -87.0    077   12.7        0
4790    35.2   22964    -63.1      4    -87.0    078   12.6        0
4795    35.0   22996    -62.8      4    -86.9    079   12.6        0
4800    34.8   23027    -62.5      3    -86.8    080   12.5        0
4805    34.7   23058    -62.2      3    -86.7    081   12.5        0
4810    34.5   23088    -61.9      3    -86.6    081   13.2        0
4815    34.3   23117    -61.5      3    -86.5    080   13.9        0
4820    34.2   23148    -61.2      3    -86.3    080   14.5        0
4825    34.0   23178    -60.8      3    -86.2    080   15.2        0
4830    33.9   23207    -60.5      3    -86.1    081   15.7        0
4835    33.7   23238    -60.2      3    -86.0    082   16.2        0
4840    33.5   23268    -59.9      3    -86.0    082   16.7        0
4845    33.4   23299    -59.6      3    -85.9    083   17.3        0
4850    33.2   23330    -59.4      3    -85.8    082   17.5        0
4855    33.0   23363    -59.1      3    -85.7    082   17.8        0
4860    32.9   23395    -58.9      3    -85.6    081   18.1        0
4865    32.7   23426    -58.7      3    -85.4    081   18.3        0
4870    32.5   23456    -58.5      3    -85.2    082   18.8        0
4875    32.4   23484    -58.4      3    -85.0    084   19.2        0
4880    32.2   23514    -58.3      3    -84.8    085   19.7        0
4885    32.1   23544    -58.1      3    -84.6    086   20.1        0
4890    31.9   23575    -58.0      3    -84.5    086   19.8        0
4895    31.8   23604    -57.9      3    -84.4    086   19.5        0
4900    31.6   23632    -57.8      3    -84.4    086   19.3        0
4905    31.5   23661    -57.6      3    -84.2    086   19.0        0
4910    31.4   23689    -57.5      3    -84.1    085   18.6        0
4915    31.2   23717    -57.3      3    -84.0    084   18.2        0
4920    31.1   23744    -57.1      3    -83.8    082   17.9        0
4925    31.0   23771    -56.9      3    -83.6    081   17.5        0
4930    30.8   23797    -56.8      3    -83.5    081   17.3        0
4935    30.7   23825    -56.6      3    -83.4    080   17.2        0
4940    30.6   23852    -56.4      3    -83.4    080   17.0        0
4945    30.4   23879    -56.3      3    -83.3    080   16.9        0
4950    30.3   23905    -56.1      3    -83.2    078   17.3        0
4955    30.2   23931    -55.9      3    -83.0    076   17.7        0
4960    30.1   23958    -55.8      3    -82.8    075   18.1        0
4963    30.0   23973    -54.0      3    -81.4    074   18.4    65536
4965    29.9   23985    -55.7      3    -82.6    073   18.6        0
4970    29.8   24014    -55.5      3    -82.4    073   18.9        0
4975    29.7   24042    -55.4      3    -82.3    073   19.2        0
4980    29.6   24069    -55.3      3    -82.1    073   19.5        0
4985    29.4   24095    -55.2      3    -82.1    072   19.8        0
4990    29.3   24125    -55.2      3    -82.0    072   19.5        0
4995    29.2   24153    -55.1      3    -81.9    072   19.2        0
5000    29.0   24181    -55.0      3    -81.9    072   18.9        0
5005    28.9   24210    -54.9      3    -81.8    072   18.6        0
5010    28.8   24240    -54.8      3    -81.7    072   18.5        0
5015    28.6   24271    -54.7      3    -81.6    073   18.3        0
5020    28.5   24302    -54.6      3    -81.5    073   18.1        0
5025    28.4   24333    -54.4      3    -81.5    073   17.9        0
5030    28.2   24363    -54.3      3    -81.5    074   18.0        0
5035    28.1   24394    -54.2      3    -81.4    075   18.0        0
5040    28.0   24425    -54.1      3    -81.4    076   18.1        0
5045    27.8   24456    -54.0      3    -81.3    077   18.2        0
5050    27.7   24487    -53.9      3    -81.3    079   18.9        0
5055    27.6   24519    -53.9      3    -81.2    080   19.5        0
5060    27.4   24552    -53.8      3    -81.2    082   20.3        0
5065    27.3   24585    -53.8      3    -81.2    083   21.0        0
5070    27.1   24618    -53.9      3    -81.2    085   20.9        0
5075    27.0   24651    -53.9      3    -81.1    088   20.9        0
5080    26.9   24683    -54.0      3    -81.1    090   21.0        0
5085    26.7   24716    -54.1      3    -81.0    092   21.0        0
5090    26.6   24750    -54.3      3    -81.0    094   20.8        0
5095    26.5   24784    -54.5      3    -81.1    096   20.7        0
5100    26.3   24817    -54.7      3    -81.2    098   20.6        0
5105    26.2   24850    -54.9      3    -81.3    101   20.5        0
5110    26.1   24882    -55.1      3    -81.4    102   20.5        0
5115    25.9   24913    -55.2      3    -81.4    104   20.6        0
5120    25.8   24944    -55.3      3    -81.3    105   20.6        0
5125    25.7   24976    -55.5      4    -81.3    107   20.7        0
5130    25.5   25007    -55.5      3    -81.4    109   20.6        0
5135    25.4   25040    -55.6      3    -81.5    111   20.5        0
5140    25.3   25072    -55.7      3    -81.7    113   20.4        0
5145    25.2   25102    -55.7      3    -81.8    116   20.4        0
5150    25.1   25131    -55.7      3    -81.9    114   20.3        0
5155    24.9   25160    -55.8      3    -81.9    111   20.2        0
5160    24.8   25190    -55.8      3    -82.0    109   20.2        0
5165    24.7   25220    -55.8      3    -82.0    107   20.2        0
5170    24.6   25251    -55.8      3    -82.0    105   20.3        0
5175    24.5   25283    -55.9      3    -82.0    103   20.4        0
5180    24.4   25315    -55.9      3    -82.0    101   20.6        0
5185    24.2   25345    -55.9      3    -82.1    098   20.7        0
5190    24.1   25373    -56.0      3    -82.1    099   20.6        0
5195    24.0   25403    -56.0      3    -82.1    099   20.4        0
5200    23.9   25433    -56.1      3    -82.0    099   20.3        0
5205    23.8   25464    -56.2      3    -82.0    099   20.1        0
5210    23.7   25496    -56.2      3    -81.9    098   20.1        0
5215    23.6   25527    -56.2      3    -81.9    097   20.0        0
5220    23.4   25557    -56.1      3    -81.8    097   20.0        0
5225    23.3   25586    -56.1      3    -81.8    096   20.0        0
5230    23.2   25615    -56.0      3    -81.8    095   20.2        0
5235    23.1   25645    -56.0      3    -81.8    095   20.4        0
5240    23.0   25675    -55.9      3    -81.9    094   20.6        0
5245    22.9   25705    -55.8      3    -82.0    093   20.9        0
5250    22.8   25733    -55.7      3    -81.9    094   21.3        0
5255    22.7   25762    -55.6      3    -81.9    095   21.7        0
5260    22.6   25792    -55.5      3    -81.8    096   22.1        0
5265    22.5   25822    -55.3      3    -81.7    096   22.5        0
5270    22.4   25851    -55.2      3    -81.6    098   22.5        0
5275    22.3   25881    -55.1      3    -81.5    099   22.4        0
5280    22.2   25911    -55.0      3    -81.4    101   22.4        0
5285    22.1   25941    -54.9      3    -81.4    102   22.4        0
5290    22.0   25970    -54.9      3    -81.3    101   22.8        0
5295    21.9   26000    -54.9      3    -81.2    101   23.2        0
5300    21.8   26031    -54.9      3    -81.2    100   23.5        0
5305    21.7   26061    -54.9      3    -81.2    099   23.9        0
5310    21.6   26091    -54.9      3    -81.2    099   24.0        0
5315    21.5   26121    -54.9      3    -81.2    099   24.1        0
5320    21.4   26152    -54.9      3    -81.1    099   24.2        0
5325    21.3   26183    -54.9      3    -81.1    098   24.3        0
5330    21.2   26214    -54.9      3    -81.0    098   24.3        0
5335    21.1   26244    -54.9      3    -81.0    098   24.3        0
5340    21.0   26275    -54.8      3    -81.0    098   24.3        0
5345    20.9   26305    -54.8      3    -81.0    097   24.3        0
5350    20.8   26335    -54.7      3    -80.9    098   23.9        0
5355    20.7   26366    -54.6      3    -80.9    098   23.5        0
5360    20.6   26397    -54.5      3    -80.8    099   23.0        0
5365    20.5   26428    -54.4      3    -80.6    100   22.6        0
5370    20.4   26458    -54.2      3    -80.5    100   22.1        0
5375    20.3   26488    -54.0      3    -80.4    100   21.6        0
5380    20.2   26519    -53.9      3    -80.3    100   21.1        0
5385    20.1   26548    -53.6      3    -80.2    101   20.6        0
5390    20.0   26579    -52.1      3    -79.1    100   19.9    65536
5395    19.9   26608    -53.2      3    -80.0    099   19.3        0
5400    19.8   26639    -53.0      3    -79.9    098   18.6        0
5405    19.7   26670    -52.8      3    -79.8    098   18.0        0
5410    19.6   26702    -52.6      3    -79.6    096   18.1        0
5415    19.5   26733    -52.3      3    -79.4    094   18.2        0
5420    19.4   26764    -52.1      3    -79.2    092   18.4        0
5425    19.3   26796    -51.8      3    -79.0    090   18.5        0
5430    19.3   26826    -51.6      3    -78.9    089   18.7        0
5435    19.2   26857    -51.4      3    -78.8    088   18.8        0
5440    19.1   26888    -51.1      3    -78.6    087   19.0        0
5445    19.0   26918    -50.9      3    -78.4    085   19.1        0
5450    18.9   26949    -50.8      3    -78.4    085   19.2        0
5455    18.8   26980    -50.6      3    -78.3    084   19.3        0
5460    18.7   27011    -50.5      3    -78.3    083   19.4        0
5465    18.6   27042    -50.4      3    -78.2    082   19.5        0
5470    18.5   27074    -50.2      3    -78.1    080   19.8        0
5475    18.5   27104    -50.1      3    -78.0    079   20.1        0
5480    18.4   27136    -50.0      3    -77.9    077   20.5        0
5485    18.3   27168    -49.9      3    -77.7    075   20.9        0
5490    18.2   27200    -49.8      3    -77.6    074   21.1        0
5495    18.1   27232    -49.8      3    -77.4    074   21.4        0
5500    18.0   27263    -49.7      3    -77.3    073   21.7        0
5505    17.9   27295    -49.7      3    -77.3    073   22.0        0
5510    17.8   27325    -49.6      3    -77.2    074   21.6        0
5515    17.8   27357    -49.6      3    -77.1    074   21.2        0
5520    17.7   27389    -49.6      3    -77.1    075   20.8        0
5525    17.6   27421    -49.5      3    -77.1    076   20.5        0
5530    17.5   27451    -49.4      3    -77.0    076   20.1        0
5535    17.4   27484    -49.3      3    -76.9    076   19.6        0
5540    17.3   27515    -49.1      3    -76.8    076   19.2        0
5545    17.3   27546    -49.0      3    -76.7    076   18.8        0
5550    17.2   27578    -48.8      3    -76.7    076   19.0        0
5555    17.1   27611    -48.6      3    -76.6    075   19.3        0
5560    17.0   27643    -48.5      3    -76.5    075   19.5        0
5565    16.9   27677    -48.3      3    -76.5    075   19.7        0
5570    16.8   27710    -48.2      3    -76.4    075   19.8        0
5575    16.8   27743    -48.0      3    -76.3    075   19.8        0
5580    16.7   27775    -47.8      3    -76.2    075   19.9        0
5585    16.6   27808    -47.6      3    -76.1    075   19.9        0
5590    16.5   27844    -47.5      3    -76.0    077   20.3        0
5595    16.4   27878    -47.3      3    -75.9    078   20.7        0
5600    16.3   27913    -47.1      3    -75.8    080   21.1        0
5605    16.2   27947    -47.0      3    -75.7    081   21.5        0
5610    16.2   27982    -46.9      3    -75.5    082   21.8        0
5615    16.1   28016    -46.8      3    -75.4    083   22.2        0
5620    16.0   28048    -46.7      3    -75.2    084   22.5        0
5625    15.9   28081    -46.6      3    -75.1    085   22.9        0
5630    15.8   28115    -46.5      3    -75.0    086   22.8        0
5635    15.8   28147    -46.5      3    -74.9    087   22.7        0
5640    15.7   28178    -46.4      3    -74.8    087   22.6        0
5645    15.6   28211    -46.3      3    -74.7    088   22.5        0
5650    15.5   28246    -46.2      3    -74.6    088   22.1        0
5655    15.5   28279    -46.2      3    -74.5    089   21.7        0
5660    15.4   28312    -46.1      3    -74.3    089   21.3        0
5665    15.3   28344    -46.0      3    -74.3    089   20.8        0
5670    15.2   28375    -45.9      3    -74.2    089   20.5        0
5675    15.2   28406    -45.8      3    -74.2    089   20.2        0
5680    15.1   28437    -45.8      3    -74.1    088   19.9        0
5685    15.0   28468    -45.7      3    -74.1    088   19.6        0
5690    15.0   28500    -45.6      3    -74.0    086   19.4        0
5695    14.9   28533    -45.5      3    -73.9    084   19.2        0
5700    14.8   28564    -45.5      3    -73.9    083   19.1        0
5705    14.7   28595    -45.5      3    -73.8    081   19.0        0
5710    14.7   28625    -45.4      3    -73.7    079   18.6        0
5715    14.6   28655    -45.4      3    -73.7    077   18.2        0
5720    14.5   28686    -45.4      3    -73.6    074   17.9        0
5725    14.5   28717    -45.4      3    -73.6    072   17.6        0
5730    14.4   28748    -45.5      3    -73.6    073   17.7        0
5735    14.3   28779    -45.5      4    -73.5    074   17.8        0
5740    14.3   28809    -45.5      4    -73.5    074   17.9        0
5745    14.2   28838    -45.5      4    -73.5    075   18.0        0
5750    14.2   28868    -45.5      4    -73.5    077   18.2        0
5755    14.1   28898    -45.5      4    -73.5    080   18.4        0
5760    14.0   28928    -45.5      4    -73.5    082   18.7        0
5765    14.0   28959    -45.6      4    -73.5    084   19.0        0
5770    13.9   28990    -45.6      4    -73.5    086   19.1        0
5775    13.8   29021    -45.5      4    -73.4    088   19.3        0
5780    13.8   29051    -45.5      4    -73.4    090   19.4        0
5785    13.7   29081    -45.5      4    -73.4    092   19.6        0
5790    13.7   29111    -45.5      4    -73.4    092   19.1        0
5795    13.6   29142    -45.4      4    -73.3    092   18.7        0
5800    13.5   29172    -45.3      4    -73.3    092   18.2        0
5805    13.5   29204    -45.2      4    -73.3    092   17.7        0
5810    13.4   29235    -45.1      4    -73.3    092   17.4        0
5815    13.3   29265    -45.0      3    -73.2    091   17.1        0
5820    13.3   29295    -44.9      3    -73.2    091   16.9        0
5825    13.2   29324    -44.7      3    -73.2    090   16.6        0
5830    13.2   29355    -44.6      3    -73.2    091   16.2        0
5835    13.1   29387    -44.5      3    -73.1    092   15.8        0
5840    13.0   29419    -44.4      3    -73.1    093   15.5        0
5845    13.0   29451    -44.4      3    -73.1    093   15.1        0
5850    12.9   29482    -44.3      3    -73.1    091   14.9        0
5855    12.9   29513    -44.3      3    -73.0    088   14.7        0
5860    12.8   29545    -44.2      3    -73.0    086   14.6        0
5865    12.7   29579    -44.2      3    -72.9    083   14.5        0
5870    12.7   29611    -44.2      3    -72.9    084   14.4        0
5875    12.6   29642    -44.3      3    -72.8    084   14.3        0
5880    12.6   29673    -44.3      3    -72.7    084   14.2        0
5885    12.5   29707    -44.4      4    -72.7    085   14.1        0
5890    12.4   29740    -44.5      4    -72.7    085   14.1        0
5895    12.4   29771    -44.6      4    -72.7    086   14.1        0
5900    12.3   29803    -44.8      4    -72.7    086   14.2        0
5905    12.3   29835    -44.9      4    -72.8    086   14.2        0
5910    12.2   29869    -45.1      4    -72.7    085   14.5        0
5915    12.1   29902    -45.2      4    -72.7    084   14.8        0
5920    12.1   29934    -45.4      4    -72.8    082   15.2        0
5925    12.0   29966    -45.5      4    -72.9    081   15.5        0
5930    12.0   29997    -45.7      4    -72.9    082   15.7        0
5935    11.9   30028    -45.8      4    -72.9    082   15.9        0
5940    11.9   30061    -46.0      4    -73.0    083   16.1        0
5945    11.8   30093    -46.1      4    -73.0    083   16.3        0
5950    11.7   30127    -46.2      4    -73.1    085   16.3        0
5955    11.7   30161    -46.3      4    -73.2    087   16.3        0
5960    11.6   30194    -46.3      4    -73.2    089   16.4        0
5965    11.6   30227    -46.4      4    -73.3    091   16.5        0
5970    11.5   30259    -46.4      4    -73.4    094   16.3        0
5975    11.5   30289    -46.4      4    -73.4    096   16.1        0
5980    11.4   30318    -46.4      4    -73.4    099   16.0        0
5985    11.4   30349    -46.3      4    -73.3    102   15.9        0
5990    11.3   30382    -46.3      4    -73.3    103   15.6        0
5995    11.3   30414    -46.2      4    -73.3    105   15.3        0
6000    11.2   30443    -45.9      4    -73.1    106   15.0        0
6005    11.1   30474    -45.6      4    -72.9    108   14.7        0
6010    11.1   30505    -45.3      4    -72.8    109   14.4        0
6015    11.0   30536    -45.2      4    -72.8    110   14.0        0
6020    11.0   30567    -45.1      4    -72.7    111   13.7        0
6025    10.9   30596    -45.0      4    -72.7    113   13.4        0
6030    10.9   30627    -45.0      4    -72.7    115   13.1        0
6035    10.8   30658    -44.9      4    -72.7    117   12.8        0
6040    10.8   30687    -44.8      4    -72.8    120   12.5        0
6045    10.8   30716    -44.7      4    -72.8    122   12.2        0
6050    10.7   30745    -44.6      4    -72.9    121   12.2        0
6055    10.7   30772    -44.6      4    -72.9    120   12.1        0
6060    10.6   30802    -44.6      4    -72.7    118   12.1        0
6065    10.6   30832    -44.5      4    -72.5    117   12.1        0
6070    10.5   30861    -44.5      4    -72.4    116   12.2        0
6075    10.5   30890    -44.5      4    -72.4    116   12.4        0
6080    10.4   30919    -44.5      4    -72.4    115   12.5        0
6085    10.4   30946    -44.5      4    -72.3    114   12.6        0
6090    10.4   30975    -44.5      4    -72.3    116   12.6        0
6095    10.3   31003    -44.7      4    -72.5    118   12.7        0
6100    10.3   31031    -45.0      4    -72.6    120   12.7        0
6105    10.2   31059    -45.0      4    -72.5    122   12.7        0
6110    10.2   31088    -45.0      4    -72.5    124   12.9        0
6115    10.1   31119    -44.9      4    -72.5    125   13.1        0
6120    10.1   31149    -44.9      4    -72.5    126   13.4        0
6125    10.0   31179    -44.8      4    -72.4    127   13.6        0
6130    10.0   31207    -43.3      4    -71.2    128   13.6    65536
6135    10.0   31240    -44.7      4    -72.3    129   13.7        0
6140     9.9   31271    -44.7      4    -72.3    131   13.8        0
6145     9.9   31303    -44.6      4    -72.3    132   13.9        0
6150     9.8   31333    -44.6      4    -72.3    131   13.5        0
6155     9.8   31362    -44.5      4    -72.3    130   13.0        0
6160     9.7   31393    -44.4      4    -72.2    130   12.6        0
6165     9.7   31425    -44.3      4    -72.1    129   12.2        0
6170     9.6   31457    -44.2      4    -72.0    128   12.1        0
6175     9.6   31487    -44.2      4    -71.9    127   12.0        0
6180     9.5   31521    -44.1      4    -71.8    126   11.9        0
6185     9.5   31554    -44.0      4    -71.8    125   11.8        0
6190     9.5   31586    -43.9      4    -71.7    126   11.7        0
6195     9.4   31621    -43.9      4    -71.7    127   11.6        0
6200     9.4   31655    -43.8      4    -71.8    128   11.4        0
6205     9.3   31687    -43.7      4    -71.8    129   11.3        0
6210     9.3   31719    -43.7      4    -71.8    129   10.9        0
6215     9.2   31752    -43.7      4    -71.9    130   10.6        0
6220     9.2   31784    -43.7      4    -72.0    130   10.2        0
6225     9.1   31816    -43.7      4    -72.1    131    9.8        0
6230     9.1   31848    -43.7      3    -72.2    132    9.7        0
6235     9.1   31868    -43.7      3    -72.5    132    9.6        0
