Table  Time-based BUFR (0309052) at 100 hPa
                  BUFR Data                     
TIME    PRES.   HGT/MSL  TEMP.   RH     DEWP   W.D    W.S     8042      
Sec      mb      Meter     °C      %      °C    Deg.  Knots   Code Table
------------------------------------------------------------------------
   0  1008.8      45     24.8     97     24.3    360    0.0   145408
   5  1005.3      76     24.9     89     23.0    342    4.5        0
  10  1002.2     103     25.1     85     22.5    348    3.9        0
  14  1000.0     122     25.3     84     22.5    357    3.3    65536
  15   999.3     129     25.4     84     22.5    360    3.2     2048
  20   996.3     155     25.6     83     22.6    356    2.5        0
  25   993.1     183     25.7     82     22.5    350    1.9        0
  30   989.8     213     25.7     81     22.4    349    1.5        0
  31   989.1     219     26.0     81     22.6    354    1.4     8192
  35   987.0     238     25.7     81     22.2    017    1.4        0
  40   984.2     262     25.5     80     21.8    070    1.3        0
  45   981.0     293     25.3     79     21.4    103    1.2        0
  46   980.2     300     25.5     79     21.6    103    1.2     2048
  46   980.1     300     25.5     79     21.6    103    1.2     4096
  50   977.7     322     25.1     79     21.2    106    1.1        0
  55   974.8     347     24.9     79     21.1    108    1.1        0
  60   972.2     371     24.7     79     21.0    111    1.1        0
  65   969.5     395     24.5     82     21.2    114    1.1        0
  70   966.5     423     24.2     84     21.3    122    1.0        0
  75   963.6     450     24.0     85     21.4    141    0.8        0
  80   960.8     474     23.9     85     21.3    188    0.7        0
  85   958.0     501     23.8     86     21.3    233    0.5        0
  90   955.3     525     23.6     86     21.2    237    0.9        0
  95   952.8     548     23.5     87     21.2    239    1.2        0
 100   950.5     569     23.6     87     21.3    240    1.5     4096
 105   948.0     593     23.3     86     20.8    241    1.9        0
 106   947.2     600     23.5     85     20.9    240    1.8     2048
 110   945.1     620     23.3     84     20.5    237    1.6        0
 115   942.2     646     23.2     83     20.1    232    1.4        0
 120   939.5     672     23.1     80     19.6    225    1.2        0
 125   936.6     698     23.0     78     19.1    214    0.9        0
 127   935.6     708     23.2     78     19.1    211    0.9     4096
 130   933.8     725     22.9     78     18.9    205    0.8        0
 135   931.0     752     22.7     78     18.7    189    0.7        0
 140   928.3     777     22.5     78     18.6    158    0.5        0
 145   925.7     800     22.5     79     18.8    120    0.4     2048
 146   925.0     807     22.3     79     18.6    128    0.5    65536
 150   923.0     827     22.2     80     18.6    146    0.6        0
 155   920.3     853     22.0     80     18.6    162    0.7        0
 160   917.5     878     21.9     81     18.4    172    0.9        0
 164   915.1     900     21.9     81     18.5    176    1.0     2048
 165   914.4     907     21.7     81     18.3    177    1.1        0
 170   911.2     939     21.5     81     18.2    184    1.2        0
 175   908.1     968     21.3     82     18.1    190    1.3        0
 180   904.9     999     21.1     82     18.0    195    1.4        0
 185   902.1    1026     20.9     83     17.9    200    1.5        0
 190   899.5    1051     20.8     83     17.9    203    1.7        0
 194   897.5    1071     20.9     84     18.1    205    1.9     4096
 195   897.0    1075     20.7     84     17.9    206    2.0        0
 200   894.7    1098     20.6     83     17.7    208    2.2        0
 205   892.3    1120     20.8     83     17.8    209    2.4     2048
 210   889.9    1144     20.5     82     17.3    207    2.4        0
 215   886.9    1172     20.3     81     16.9    204    2.3        0
 220   883.8    1206     20.2     79     16.6    201    2.3        0
 225   881.0    1232     20.0     79     16.4    198    2.2        0
 230   878.4    1255     19.9     79     16.3    194    2.1        0
 235   875.6    1285     19.7     79     16.1    190    2.0        0
 240   872.6    1315     19.7     78     15.8    185    1.8        0
 245   869.8    1342     19.8     77     15.8    180    1.7     2048
 250   867.4    1366     19.5     77     15.4    181    1.9        0
 255   865.1    1388     19.3     79     15.5    182    2.0        0
 260   862.6    1413     19.0     80     15.6    183    2.2        0
 265   860.0    1440     18.9     81     15.6    184    2.3        0
 270   857.6    1464     18.8     81     15.5    190    2.1        0
 275   854.9    1492     18.6     82     15.5    197    2.0        0
 280   852.2    1518     18.6     81     15.3    205    1.8        0
 284   850.0    1541     18.6     81     15.2    214    1.6    65536
 285   849.4    1546     18.7     80     15.3    216    1.6     2048
 290   846.7    1575     18.5     80     15.0    208    1.4        0
 295   844.1    1600     18.4     79     14.8    197    1.2        0
 300   842.0    1622     18.3     79     14.7    180    1.0        0
 305   839.6    1646     18.3     79     14.6    157    0.8        0
 310   837.1    1673     18.2     79     14.5    149    0.9        0
 315   834.8    1695     18.1     79     14.3    144    1.1        0
 320   832.3    1720     17.9     79     14.3    140    1.2        0
 325   829.7    1748     17.9     80     14.6    137    1.3     2048
 330   827.0    1776     17.5     81     14.3    150    1.4        0
 335   824.6    1801     17.4     81     14.1    164    1.5        0
 340   822.4    1824     17.3     80     13.9    176    1.6        0
 345   820.3    1846     17.1     80     13.8    185    1.7        0
 350   818.0    1870     17.0     80     13.6    199    1.7        0
 355   815.6    1896     16.8     81     13.5    215    1.7        0
 360   812.9    1924     16.7     80     13.3    229    1.8        0
 365   810.6    1947     16.8     80     13.3    241    1.8     2048
 370   808.3    1972     16.4     79     12.9    231    1.8        0
 375   805.9    1998     16.2     79     12.7    220    1.7        0
 380   803.5    2023     16.0     80     12.6    208    1.7        0
 385   801.2    2047     16.1     80     12.7    196    1.7     2048
 390   798.8    2072     15.7     80     12.4    197    1.6        0
 395   796.3    2100     15.7     81     12.5    199    1.5     2048
 400   794.1    2123     15.4     81     12.2    200    1.4        0
 405   792.0    2147     15.2     81     12.1    201    1.3        0
 410   789.9    2168     15.1     81     11.9    217    1.5        0
 415   787.8    2190     15.1     80     11.7    230    1.7        0
 420   785.7    2214     15.0     79     11.5    239    1.9        0
 425   783.6    2237     14.9     78     11.2    246    2.1        0
 430   781.4    2260     14.8     77     11.0    248    2.3        0
 435   779.3    2283     14.7     76     10.7    250    2.4        0
 440   777.2    2306     14.6     76     10.4    252    2.6        0
 445   774.8    2332     14.4     75     10.1    254    2.7        0
 450   772.1    2361     14.2     75      9.8    253    2.8        0
 455   769.8    2386     14.0     73      9.4    253    2.9        0
 460   767.3    2414     13.9     72      9.0    253    3.0        0
 463   765.8    2431     14.0     72      9.0    253    3.1     4096
 465   764.9    2441     13.7     72      8.8    253    3.1        0
 470   762.5    2467     13.6     72      8.6    250    3.3        0
 475   760.3    2492     13.4     72      8.5    247    3.5        0
 480   758.5    2512     13.2     73      8.5    245    3.7        0
 485   756.5    2534     13.0     74      8.6    242    3.9        0
 490   754.4    2558     12.9     76      8.7    246    3.9        0
 495   752.0    2584     12.8     76      8.6    250    3.9        0
 500   749.7    2610     12.7     76      8.5    254    4.0        0
 505   747.7    2633     12.6     76      8.4    258    4.1        0
 510   745.7    2656     12.4     76      8.4    260    4.5        0
 515   743.5    2680     12.3     76      8.3    261    4.9        0
 520   741.5    2703     12.1     77      8.1    263    5.3        0
 525   739.3    2728     11.9     77      8.0    264    5.7        0
 530   737.0    2754     12.0     77      8.1    266    5.6     4096
 535   734.9    2778     11.5     77      7.6    267    5.4        0
 540   732.7    2803     11.4     77      7.5    269    5.3        0
 545   730.8    2825     11.3     76      7.3    271    5.2        0
 550   728.9    2847     11.2     76      7.1    269    5.3        0
 555   727.0    2868     11.0     76      7.0    268    5.4        0
 560   725.0    2891     10.9     75      6.8    267    5.5        0
 565   722.8    2916     10.8     75      6.6    266    5.6        0
 570   720.5    2944     10.7     75      6.4    264    5.9        0
 575   717.9    2974     10.7     74      6.4    263    6.1        0
 580   715.8    2998     10.7     74      6.3    262    6.4        0
 585   714.0    3020     10.7     74      6.3    261    6.6        0
 590   712.1    3041     10.5     75      6.3    263    6.8        0
 595   710.2    3064     10.4     75      6.2    264    7.0        0
 600   708.2    3088     10.3     75      6.1    266    7.1        0
 605   706.3    3110     10.3     75      6.0    268    7.3        0
 610   704.6    3130     10.2     75      5.9    269    7.3        0
 615   702.8    3152     10.1     74      5.7    271    7.3        0
 620   700.9    3174     10.1     73      5.5    272    7.2        0
 622   700.0    3185     10.1     72      5.4    273    7.2    65536
 625   699.0    3196     10.3     72      5.5    273    7.2     2048
 630   697.2    3218      9.9     72      5.1    273    7.1        0
 635   695.3    3241      9.8     71      4.9    273    7.0        0
 640   693.4    3264      9.7     71      4.7    272    6.9        0
 645   691.6    3285      9.5     71      4.6    272    6.8        0
 650   689.8    3307      9.4     71      4.5    271    6.7        0
 655   688.1    3327      9.3     72      4.5    270    6.6        0
 660   686.4    3347      9.1     73      4.5    269    6.5        0
 665   684.7    3368      9.0     73      4.5    268    6.4        0
 670   683.0    3389      8.9     72      4.1    265    6.3        0
 675   681.3    3410      8.8     71      3.8    262    6.1        0
 680   679.5    3432      8.7     69      3.4    258    6.0        0
 685   677.6    3455      8.5     69      3.2    255    5.9        0
 690   675.7    3478      8.4     68      3.0    255    6.0        0
 691   675.2    3485      8.7     68      3.2    255    6.1     4096
 695   673.7    3504      8.2     69      2.8    255    6.2        0
 700   671.8    3527      8.1     69      2.7    255    6.4        0
 705   670.0    3548      7.9     69      2.6    255    6.6        0
 710   668.1    3572      7.7     69      2.5    253    6.2        0
 715   666.1    3597      7.5     69      2.3    251    5.9        0
 720   664.0    3622      7.4     70      2.3    250    5.6        0
 725   662.2    3645      7.2     71      2.3    247    5.2        0
 730   660.6    3666      7.1     72      2.4    249    5.2        0
 735   658.8    3687      6.9     73      2.3    251    5.3        0
 740   657.0    3710      6.8     73      2.3    253    5.3        0
 745   655.1    3733      6.9     74      2.6    255    5.3     4096
 750   653.3    3757      6.5     73      2.1    256    5.3        0
 755   651.5    3779      6.4     73      1.9    256    5.4        0
 760   649.8    3801      6.2     73      1.7    256    5.4        0
 765   648.0    3823      6.1     71      1.3    256    5.5        0
 770   646.2    3847      6.0     70      0.9    254    5.3        0
 775   644.4    3869      5.8     68      0.5    252    5.1        0
 780   642.6    3892      5.6     67      0.1    249    4.9        0
 785   640.7    3917      5.4     66     -0.3    246    4.8        0
 790   638.9    3941      5.3     66     -0.5    246    5.0        0
 795   637.2    3962      5.1     66     -0.8    246    5.3        0
 800   635.5    3983      4.9     65     -1.0    246    5.5        0
 805   633.9    4005      4.8     66     -1.0    246    5.8        0
 810   632.2    4026      4.7     66     -1.1    247    5.6        0
 815   630.6    4046      4.5     66     -1.4    248    5.5        0
 820   628.9    4068      4.4     65     -1.7    250    5.4        0
 825   627.2    4090      4.6     64     -1.7    251    5.3     4096
 830   625.3    4114      4.0     65     -1.9    251    5.3        0
 835   623.2    4143      3.8     67     -1.7    251    5.3        0
 840   621.2    4169      3.6     69     -1.5    251    5.3        0
 845   619.5    4191      3.4     72     -1.1    251    5.2        0
 847   618.8    4200      3.6     74     -0.6    251    5.2     2048
 850   617.8    4213      3.2     76     -0.7    251    5.2        0
 852   617.2    4221      3.5     77     -0.3    251    5.2     4096
 855   616.1    4235      3.0     75     -0.9    251    5.2        0
 860   614.3    4259      2.9     73     -1.5    252    5.1        0
 865   612.3    4287      2.7     71     -2.1    252    5.1        0
 870   610.2    4314      2.6     69     -2.5    247    5.4        0
 875   608.0    4344      2.4     68     -3.0    243    5.6        0
 880   605.9    4371      2.2     66     -3.4    240    5.9        0
 885   603.8    4398      2.0     66     -3.6    237    6.3        0
 890   601.7    4428      1.8     66     -3.9    234    6.3        0
 895   599.5    4457      1.6     66     -4.1    232    6.4        0
 900   597.4    4485      1.4     66     -4.2    230    6.4        0
 905   595.6    4509      1.1     67     -4.4    227    6.5        0
 910   594.0    4532      0.9     67     -4.5    229    7.2        0
 915   592.3    4554      0.7     68     -4.6    230    7.8        0
 920   590.5    4578      0.5     68     -4.8    231    8.4        0
 925   588.6    4605      0.4     68     -5.0    231    9.1        0
 930   586.7    4631      0.2     67     -5.2    232    8.8        0
 935   584.9    4655      0.0     67     -5.4    233    8.4        0
 940   583.2    4679     -0.1     67     -5.5    234    8.1        0
 945   581.4    4703     -0.3     67     -5.7    234    7.8        0
 950   579.6    4728     -0.4     65     -6.2    231    7.7        0
 955   577.8    4753     -0.6     63     -6.7    227    7.7        0
 960   576.1    4777     -0.7     62     -7.2    224    7.7        0
 965   574.4    4801     -0.9     61     -7.4    220    7.7        0
 970   572.8    4822     -1.1     61     -7.7    219    8.0        0
 973   572.0    4835     -0.8     61     -7.5    219    8.1     4096
 975   571.2    4845     -1.2     62     -7.7    218    8.2        0
 980   569.5    4869     -1.4     64     -7.3    218    8.5        0
 985   567.9    4892     -1.3     67     -6.6    217    8.8     2048
 990   566.3    4914     -1.8     71     -6.4    218    9.1        0
 995   564.9    4935     -2.0     76     -5.7    219    9.4        0
1000   563.2    4957     -2.2     80     -5.1    219    9.7        0
1005   561.4    4982     -2.3     84     -4.8    220   10.0        0
1010   559.7    5008     -2.4     87     -4.4    221   10.0        0
1015   558.1    5030     -2.5     89     -4.1    221   10.0        0
1020   556.5    5053     -2.6     90     -4.1    221   10.1        0
1025   554.9    5076     -2.7     91     -4.0    222   10.1        0
1030   553.1    5101     -2.8     91     -4.0    224   10.5        0
1035   551.2    5129     -2.8     91     -4.0    226   10.8        0
1040   549.2    5158     -2.9     92     -4.0    228   11.2        0
1045   547.3    5186     -2.9     92     -4.1    230   11.5        0
1050   545.4    5213     -3.0     92     -4.1    231   12.0        0
1055   543.7    5237     -3.1     92     -4.2    232   12.4        0
1060   542.1    5263     -3.2     92     -4.3    232   12.8        0
1065   540.5    5284     -3.4     92     -4.4    233   13.2        0
1070   539.0    5307     -3.5     92     -4.6    233   13.2        0
1075   537.5    5329     -3.6     92     -4.7    232   13.1        0
1080   535.9    5352     -3.8     92     -4.9    232   13.0        0
1085   534.2    5378     -3.9     92     -5.0    231   13.0        0
1090   532.4    5404     -4.1     92     -5.2    231   13.0        0
1095   530.6    5431     -4.3     92     -5.3    230   13.0        0
1100   528.8    5458     -4.4     92     -5.5    229   13.1        0
1105   527.2    5482     -4.6     92     -5.8    229   13.1        0
1110   525.4    5509     -4.8     92     -5.9    229   13.2        0
1115   523.4    5539     -4.9     92     -6.1    230   13.3        0
1120   521.7    5565     -5.1     92     -6.3    230   13.3        0
1125   520.1    5589     -5.3     92     -6.4    230   13.4        0
1130   518.4    5615     -5.4     92     -6.6    231   13.6        0
1135   516.6    5642     -5.6     92     -6.7    231   13.8        0
1140   514.8    5669     -5.7     92     -6.8    232   14.0        0
1145   513.3    5692     -5.5     92     -6.6    232   14.2     2048
1150   511.7    5716     -6.0     92     -7.1    233   14.0        0
1155   509.9    5745     -6.2     92     -7.3    234   13.8        0
1160   508.1    5771     -6.3     92     -7.4    235   13.7        0
1165   506.5    5797     -6.5     92     -7.5    236   13.5        0
1170   504.7    5825     -6.6     93     -7.6    237   13.4        0
1175   502.9    5854     -6.8     93     -7.7    237   13.3        0
1180   501.3    5878     -6.8     93     -7.8    237   13.1        0
1185   500.0    5899     -6.9     94     -7.8    237   13.0    65536
1188   499.1    5912     -6.6     94     -7.4    236   12.9     4096
1190   498.5    5921     -7.1     93     -7.9    236   12.8        0
1195   497.1    5943     -7.3     93     -8.3    234   12.6        0
1200   495.7    5965     -7.4     92     -8.6    232   12.4        0
1205   494.3    5987     -7.6     91     -8.8    230   12.3        0
1210   492.9    6010     -7.7     91     -9.0    230   12.3        0
1215   491.5    6032     -7.8     90     -9.2    229   12.4        0
1220   490.1    6055     -7.9     90     -9.2    228   12.4        0
1225   488.7    6077     -8.0     91     -9.2    227   12.4        0
1230   487.3    6099     -8.1     91     -9.3    228   12.6        0
1235   485.9    6121     -8.3     91     -9.5    229   12.7        0
1240   484.5    6144     -8.4     91     -9.7    229   12.9        0
1245   483.1    6166     -8.6     91     -9.8    230   13.0        0
1250   481.7    6188     -8.7     91    -10.0    230   13.1        0
1255   480.3    6212     -8.8     90    -10.1    230   13.2        0
1260   478.8    6236     -8.9     91    -10.2    230   13.2        0
1265   477.5    6258     -9.1     91    -10.3    230   13.3        0
1270   476.2    6279     -9.2     91    -10.3    230   13.4        0
1275   474.9    6300     -9.3     91    -10.5    230   13.4        0
1280   473.5    6322     -9.4     91    -10.6    231   13.5        0
1285   472.2    6344     -9.5     91    -10.7    231   13.5        0
1290   470.9    6365     -9.6     91    -10.8    230   13.6        0
1295   469.6    6386     -9.8     91    -10.9    229   13.7        0
1300   468.3    6407     -9.9     91    -11.2    228   13.9        0
1305   466.9    6430    -10.1     91    -11.3    227   14.0        0
1310   465.3    6456    -10.3     91    -11.5    228   13.4        0
1315   463.5    6487    -10.4     90    -11.7    230   12.9        0
1320   461.7    6518    -10.6     90    -11.9    231   12.4        0
1325   460.0    6545    -10.7     90    -12.1    233   11.9        0
1330   458.6    6570    -10.8     90    -12.2    232   11.4        0
1335   457.0    6596    -10.9     90    -12.3    232   10.9        0
1340   455.4    6623    -11.1     90    -12.4    232   10.5        0
1345   453.9    6649    -11.2     90    -12.6    232   10.0        0
1350   452.5    6672    -11.3     90    -12.7    231    9.8        0
1355   451.2    6695    -11.5     89    -12.9    231    9.6        0
1360   449.8    6718    -11.7     89    -13.2    230    9.4        0
1365   448.4    6743    -11.9     88    -13.4    230    9.2        0
1370   446.9    6768    -12.1     88    -13.8    230    9.0        0
1375   445.3    6794    -12.3     87    -14.1    231    8.7        0
1380   443.7    6822    -12.5     87    -14.3    231    8.5        0
1385   442.3    6847    -12.7     87    -14.5    232    8.2        0
1390   440.9    6871    -12.9     87    -14.6    233    8.0        0
1395   439.5    6896    -13.0     87    -14.8    234    7.8        0
1400   438.1    6921    -13.1     87    -14.9    235    7.6        0
1405   436.7    6944    -13.3     87    -15.0    236    7.4        0
1410   435.5    6966    -13.4     87    -15.1    237    7.3        0
1415   434.2    6988    -13.5     87    -15.1    238    7.2        0
1420   432.9    7011    -13.6     88    -15.1    239    7.1        0
1425   431.7    7032    -13.7     89    -15.1    240    7.0        0
1430   430.5    7053    -13.8     89    -15.1    241    7.2        0
1435   429.3    7075    -13.9     89    -15.3    242    7.4        0
1440   428.0    7097    -14.0     89    -15.4    242    7.6        0
1445   426.8    7119    -14.2     89    -15.6    243    7.8        0
1450   425.5    7142    -14.3     89    -15.7    242    7.8        0
1455   424.3    7164    -14.5     89    -15.9    240    7.8        0
1460   423.0    7186    -14.6     89    -16.1    238    7.8        0
1465   421.8    7209    -14.8     89    -16.2    237    7.7        0
1470   420.5    7231    -14.9     88    -16.4    238    7.6        0
1475   419.3    7253    -15.0     88    -16.6    240    7.4        0
1480   418.0    7277    -15.2     88    -16.8    241    7.3        0
1485   416.8    7300    -15.3     87    -16.9    243    7.1        0
1490   415.5    7322    -15.4     87    -17.1    244    7.2        0
1495   414.3    7344    -15.6     87    -17.3    245    7.2        0
1500   413.0    7368    -15.7     86    -17.5    246    7.3        0
1505   411.7    7393    -15.4     86    -17.2    246    7.3     2048
1510   410.3    7418    -16.0     86    -17.8    246    7.7        0
1515   408.8    7445    -16.2     86    -18.0    245    8.0        0
1520   407.4    7471    -16.4     86    -18.2    244    8.3        0
1525   406.1    7496    -16.6     86    -18.4    243    8.6        0
1530   404.7    7521    -16.7     86    -18.5    242    8.7        0
1535   403.4    7545    -16.9     87    -18.6    240    8.8        0
1540   402.2    7567    -17.1     87    -18.8    238    8.9        0
1545   401.0    7591    -17.3     86    -19.0    237    9.1        0
1549   400.0    7609    -17.4     86    -19.2    236    9.1    65536
1550   399.7    7615    -17.5     86    -19.2    236    9.1        0
1555   398.4    7640    -17.7     86    -19.4    236    9.2        0
1560   397.0    7666    -17.9     87    -19.6    235    9.2        0
1565   395.6    7692    -18.1     87    -19.8    235    9.3        0
1570   394.2    7719    -18.3     87    -19.9    235    9.4        0
1575   392.9    7743    -18.5     88    -20.1    235    9.4        0
1580   391.6    7767    -18.7     88    -20.3    236    9.5        0
1585   390.3    7793    -19.0     88    -20.4    236    9.5        0
1590   388.9    7820    -19.2     89    -20.6    236    9.5        0
1595   387.5    7847    -19.4     89    -20.7    237    9.5        0
1600   386.1    7874    -19.6     89    -20.9    237    9.6        0
1605   384.7    7901    -19.8     90    -21.1    238    9.6        0
1610   383.2    7930    -20.1     89    -21.4    234    9.3        0
1615   381.6    7961    -20.4     89    -21.7    231    9.1        0
1620   380.0    7991    -20.6     89    -22.0    228    8.9        0
1625   378.5    8021    -20.8     89    -22.2    224    8.7        0
1630   377.2    8047    -21.0     88    -22.4    224    8.5        0
1635   375.8    8075    -21.0     88    -22.5    224    8.4        0
1640   374.6    8098    -20.7     88    -22.1    223    8.2     8192
1645   373.1    8126    -21.0     88    -22.5    223    8.0        0
1650   371.7    8156    -20.9     86    -22.7    221    8.3        0
1655   370.2    8185    -20.9     85    -22.8    219    8.5        0
1660   369.0    8210    -20.8     84    -22.9    217    8.8        0
1665   368.0    8230    -20.2     83    -22.4    216    9.0     8192
1670   366.8    8252    -20.8     82    -23.1    215    9.2        0
1675   365.8    8275    -20.9     81    -23.3    215    9.4        0
1680   364.7    8297    -21.0     80    -23.6    215    9.5        0
1685   363.6    8318    -21.1     79    -23.8    215    9.7        0
1690   362.6    8339    -21.2     79    -24.0    215    9.9        0
1695   361.5    8360    -21.4     78    -24.3    215   10.1        0
1700   360.5    8381    -21.5     77    -24.5    215   10.4        0
1705   359.5    8403    -21.6     77    -24.7    215   10.6        0
1710   358.5    8423    -21.8     76    -25.0    215   10.6        0
1715   357.5    8444    -21.9     75    -25.2    216   10.6        0
1720   356.5    8463    -22.0     74    -25.4    216   10.6        0
1725   355.5    8485    -22.1     73    -25.6    216   10.6        0
1730   354.5    8505    -22.2     73    -25.7    217   10.5        0
1735   353.5    8526    -22.3     74    -25.9    217   10.5        0
1740   352.5    8546    -22.5     73    -26.0    217   10.5        0
1745   351.5    8567    -22.6     73    -26.1    218   10.5        0
1750   350.5    8589    -22.8     73    -26.3    218   10.5        0
1755   349.5    8609    -22.9     73    -26.5    219   10.5        0
1760   348.6    8629    -23.0     72    -26.7    219   10.6        0
1765   347.6    8650    -23.2     72    -27.0    219   10.6        0
1770   346.6    8671    -23.3     72    -27.1    220   10.6        0
1775   345.6    8692    -23.5     71    -27.3    221   10.7        0
1780   344.6    8713    -23.6     71    -27.4    222   10.8        0
1785   343.6    8735    -23.8     71    -27.6    223   10.8        0
1790   342.6    8756    -23.9     71    -27.7    224   11.0        0
1795   341.6    8778    -24.1     71    -27.9    224   11.1        0
1800   340.6    8800    -24.2     72    -28.0    225   11.3        0
1805   339.5    8823    -24.4     72    -28.0    225   11.4        0
1810   338.5    8845    -24.6     73    -28.2    226   11.6        0
1815   337.4    8867    -24.7     73    -28.3    227   11.9        0
1820   336.4    8890    -24.9     73    -28.4    228   12.1        0
1825   335.4    8912    -25.1     73    -28.7    229   12.3        0
1830   334.3    8934    -25.2     72    -28.9    229   12.4        0
1835   333.3    8957    -25.4     72    -29.1    229   12.4        0
1840   332.3    8980    -25.6     71    -29.4    228   12.5        0
1845   331.2    9002    -25.8     70    -29.7    228   12.5        0
1850   330.2    9024    -26.0     70    -29.9    228   12.5        0
1855   329.2    9046    -26.1     70    -30.2    227   12.5        0
1860   328.2    9069    -26.3     69    -30.4    227   12.5        0
1865   327.2    9091    -26.5     69    -30.6    227   12.4        0
1870   326.2    9114    -26.7     68    -30.8    226   12.2        0
1875   325.2    9135    -26.8     68    -31.1    226   11.9        0
1880   324.3    9156    -27.0     67    -31.4    225   11.6        0
1885   323.3    9178    -27.1     66    -31.7    225   11.3        0
1890   322.3    9200    -27.3     66    -31.9    225   11.1        0
1895   321.3    9223    -27.5     65    -32.1    226   11.0        0
1900   320.3    9245    -27.6     65    -32.3    226   10.8        0
1905   319.3    9267    -27.8     65    -32.5    227   10.6        0
1910   318.4    9288    -28.0     65    -32.6    227   10.6        0
1915   317.4    9310    -28.1     65    -32.8    227   10.5        0
1920   316.5    9331    -28.3     65    -32.9    227   10.4        0
1925   315.5    9354    -28.5     66    -33.0    227   10.3        0
1930   314.5    9376    -28.7     66    -33.2    226   10.4        0
1935   313.6    9397    -28.9     66    -33.3    225   10.5        0
1940   312.6    9420    -29.1     67    -33.4    224   10.5        0
1945   311.6    9443    -29.2     67    -33.5    223   10.6        0
1950   310.6    9466    -29.4     68    -33.6    222   10.8        0
1955   309.4    9493    -29.6     68    -33.7    220   11.0        0
1960   308.4    9516    -29.8     69    -33.8    219   11.3        0
1965   307.4    9539    -30.0     69    -33.9    217   11.5        0
1970   306.5    9561    -30.1     69    -34.1    216   11.5        0
1975   305.6    9582    -30.3     69    -34.2    214   11.5        0
1980   304.6    9604    -30.4     70    -34.3    213   11.6        0
1985   303.7    9626    -30.6     69    -34.6    211   11.6        0
1990   302.8    9647    -30.7     68    -34.8    210   11.4        0
1995   301.9    9669    -30.9     67    -35.1    210   11.2        0
2000   301.0    9689    -31.1     67    -35.3    209   10.9        0
2005   300.0    9713    -31.2     67    -35.4    209   10.7    65536
2010   299.1    9735    -31.4     67    -35.6    208   11.0        0
2015   298.1    9758    -31.6     67    -35.9    208   11.2        0
2020   297.1    9783    -31.8     66    -36.2    207   11.4        0
2025   296.0    9809    -32.0     66    -36.3    207   11.7        0
2030   294.9    9834    -32.1     67    -36.4    206   12.0        0
2035   293.9    9858    -32.3     67    -36.5    206   12.4        0
2040   292.9    9882    -32.5     67    -36.6    205   12.8        0
2045   292.0    9905    -32.7     68    -36.8    205   13.1        0
2050   291.1    9925    -32.8     67    -37.0    205   13.3        0
2055   290.2    9948    -33.0     67    -37.2    204   13.6        0
2060   289.2    9972    -33.2     66    -37.5    204   13.8        0
2065   288.2    9996    -32.8     66    -37.1    204   14.0     2048
2070   287.2   10020    -33.6     66    -37.9    204   14.2        0
2075   286.3   10044    -33.7     66    -38.1    205   14.4        0
2080   285.3   10068    -33.9     66    -38.2    206   14.6        0
2085   284.3   10092    -34.1     66    -38.4    207   14.7        0
2090   283.4   10116    -34.3     66    -38.6    207   14.9        0
2095   282.5   10138    -34.4     65    -38.8    208   15.1        0
2100   281.6   10159    -34.5     64    -39.1    209   15.3        0
2105   280.7   10181    -34.7     62    -39.6    210   15.5        0
2110   279.8   10203    -34.8     59    -40.3    210   15.5        0
2115   278.8   10229    -34.9     55    -41.0    211   15.6        0
2120   277.7   10258    -35.1     54    -41.5    212   15.6        0
2125   276.5   10287    -35.3     52    -41.9    213   15.7        0
2130   275.4   10314    -35.5     51    -42.4    213   15.7        0
2135   274.4   10341    -35.8     50    -42.8    214   15.7        0
2140   273.4   10366    -36.0     49    -43.3    215   15.7        0
2145   272.4   10391    -36.2     48    -43.5    216   15.8        0
2150   271.3   10420    -36.4     48    -43.8    217   15.8        0
2155   270.2   10448    -36.5     48    -44.0    219   15.7        0
2160   269.2   10473    -36.6     47    -44.2    220   15.7        0
2165   268.3   10497    -36.8     46    -44.5    222   15.7        0
2170   267.4   10521    -36.9     45    -44.7    223   15.8        0
2175   266.5   10543    -37.0     45    -45.0    225   15.9        0
2180   265.6   10566    -37.1     44    -45.3    227   15.9        0
2185   264.7   10589    -37.3     43    -45.6    229   16.0        0
2190   263.9   10612    -37.5     43    -45.8    229   16.1        0
2195   263.0   10635    -37.7     43    -46.1    230   16.2        0
2200   262.2   10656    -37.9     42    -46.3    231   16.3        0
2205   261.4   10677    -38.1     42    -46.6    232   16.4        0
2210   260.6   10698    -38.2     42    -46.8    232   16.4        0
2215   259.8   10720    -38.4     42    -47.0    232   16.4        0
2220   259.0   10741    -38.6     42    -47.1    231   16.4        0
2225   258.1   10764    -38.8     41    -47.4    231   16.4        0
2230   257.2   10787    -39.0     41    -47.7    231   16.3        0
2235   256.4   10810    -39.2     40    -48.0    231   16.2        0
2240   255.6   10832    -39.4     40    -48.2    231   16.2        0
2245   254.8   10853    -39.6     40    -48.4    231   16.1        0
2250   254.0   10875    -39.8     40    -48.7    232   16.2        0
2255   253.2   10897    -40.0     40    -48.8    232   16.3        0
2260   252.3   10919    -40.2     40    -49.0    232   16.3        0
2265   251.5   10941    -40.4     40    -49.2    232   16.4        0
2270   250.7   10963    -40.6     40    -49.4    232   16.5        0
2275   250.0   10983    -40.8     39    -49.7    232   16.7    65536
2280   249.1   11007    -41.0     39    -50.0    233   16.8        0
2285   248.3   11030    -41.2     38    -50.3    233   16.9        0
2290   247.4   11053    -41.3     38    -50.5    233   17.1        0
2295   246.6   11077    -41.5     38    -50.8    233   17.3        0
2300   245.7   11100    -41.7     37    -51.0    233   17.5        0
2305   244.9   11123    -41.9     37    -51.3    233   17.7        0
2310   244.1   11146    -42.1     37    -51.5    232   17.9        0
2315   243.3   11168    -42.3     37    -51.7    232   18.1        0
2320   242.5   11191    -42.5     37    -52.0    232   18.4        0
2325   241.7   11213    -42.7     36    -52.2    231   18.6        0
2330   240.9   11236    -42.9     36    -52.4    231   18.8        0
2335   240.1   11257    -43.1     36    -52.6    231   18.9        0
2340   239.3   11279    -43.3     36    -52.9    231   19.0        0
2345   238.5   11302    -43.5     36    -53.1    230   19.2        0
2350   237.7   11325    -43.7     36    -53.3    230   19.2        0
2355   236.9   11347    -43.9     36    -53.5    230   19.3        0
2360   236.1   11370    -44.1     36    -53.7    230   19.3        0
2365   235.3   11393    -43.6     36    -53.3    229   19.4     2048
2370   234.5   11416    -44.6     35    -54.1    229   19.4        0
2375   233.7   11439    -44.7     35    -54.4    229   19.4        0
2380   232.9   11462    -44.9     35    -54.6    229   19.4        0
2385   232.1   11485    -45.1     35    -54.8    229   19.4        0
2390   231.3   11508    -45.3     35    -55.0    228   19.2        0
2395   230.5   11531    -45.5     35    -55.2    228   19.0        0
2396   230.3   11538    -44.8     35    -54.6    228   19.0     4096
2400   229.7   11554    -45.7     35    -55.4    227   18.9        0
2405   229.0   11576    -45.9     35    -55.5    227   18.7        0
2410   228.2   11599    -46.1     35    -55.7    227   18.6        0
2415   227.4   11621    -46.3     35    -55.8    226   18.5        0
2420   226.7   11643    -46.5     35    -55.9    226   18.5        0
2425   225.9   11666    -46.7     35    -56.1    226   18.4        0
2430   225.1   11690    -46.9     36    -56.2    226   18.4        0
2435   224.3   11713    -47.1     36    -56.4    226   18.4        0
2440   223.5   11736    -47.3     36    -56.5    226   18.4        0
2445   222.8   11759    -47.5     37    -56.5    226   18.4        0
2450   222.0   11782    -47.8     37    -56.6    226   18.5        0
2455   221.2   11806    -48.0     37    -56.8    226   18.5        0
2460   220.4   11830    -48.2     37    -57.0    226   18.6        0
2465   219.6   11854    -48.4     37    -57.2    226   18.6        0
2470   218.8   11877    -48.6     38    -57.3    227   18.7        0
2475   218.1   11899    -48.8     38    -57.4    227   18.8        0
2480   217.3   11922    -49.0     38    -57.5    228   18.9        0
2485   216.6   11945    -49.2     39    -57.7    229   19.0        0
2490   215.8   11967    -49.4     39    -57.8    230   19.0        0
2495   215.1   11989    -49.6     39    -57.9    231   19.1        0
2500   214.4   12011    -49.8     40    -58.0    231   19.1        0
2505   213.7   12034    -50.0     40    -58.1    232   19.1        0
2510   212.9   12056    -50.1     40    -58.3    233   19.0        0
2515   212.2   12078    -50.3     40    -58.5    234   18.9        0
2520   211.5   12101    -50.5     39    -58.7    234   18.8        0
2525   210.7   12124    -50.7     39    -58.9    235   18.7        0
2530   210.0   12147    -50.8     39    -59.0    235   18.6        0
2535   209.2   12170    -51.0     40    -59.1    234   18.4        0
2540   208.5   12193    -51.2     40    -59.2    234   18.2        0
2545   207.8   12215    -51.4     41    -59.3    234   18.0        0
2550   207.1   12237    -51.6     40    -59.6    234   17.8        0
2555   206.4   12261    -51.8     39    -59.8    234   17.7        0
2560   205.7   12283    -51.9     39    -60.1    235   17.5        0
2565   205.0   12305    -52.1     39    -60.2    235   17.4        0
2570   204.3   12326    -52.3     40    -60.3    235   17.3        0
2575   203.6   12348    -52.5     40    -60.4    236   17.3        0
2580   202.9   12370    -52.7     40    -60.5    237   17.3        0
2585   202.2   12394    -52.8     41    -60.6    237   17.2        0
2590   201.5   12417    -53.0     40    -60.8    238   17.0        0
2595   200.8   12438    -53.2     40    -61.0    238   16.9        0
2600   200.1   12460    -53.4     40    -61.2    238   16.7        0
2601   200.0   12463    -53.5     40    -61.2    238   16.6    65536
2605   199.4   12483    -53.6     40    -61.4    239   16.5        0
2610   198.7   12506    -53.8     40    -61.6    239   16.4        0
2615   198.0   12528    -54.0     40    -61.8    239   16.4        0
2620   197.3   12549    -54.2     40    -62.0    239   16.3        0
2625   196.7   12571    -54.4     40    -62.1    238   16.3        0
2630   196.0   12593    -54.6     40    -62.3    238   16.2        0
2635   195.3   12615    -54.8     40    -62.5    238   16.1        0
2640   194.7   12636    -55.0     40    -62.7    237   15.9        0
2645   194.0   12658    -55.2     41    -62.8    237   15.8        0
2650   193.4   12680    -55.4     41    -62.9    237   15.8        0
2655   192.7   12701    -55.6     42    -63.0    237   15.8        0
2660   192.1   12723    -55.8     42    -63.1    237   15.8        0
2665   191.4   12746    -56.0     42    -63.3    237   15.8        0
2670   190.7   12769    -56.2     42    -63.4    237   15.8        0
2675   190.0   12791    -56.4     43    -63.5    237   15.8        0
2680   189.4   12814    -56.6     43    -63.7    238   15.8        0
2685   188.7   12837    -56.8     43    -63.9    238   15.9        0
2690   188.0   12860    -57.0     43    -64.0    238   15.8        0
2695   187.3   12884    -57.2     43    -64.2    237   15.8        0
2700   186.6   12907    -57.3     43    -64.3    237   15.8        0
2705   185.9   12930    -57.5     43    -64.5    237   15.7        0
2710   185.3   12952    -57.7     43    -64.7    237   15.7        0
2715   184.6   12974    -57.9     43    -64.8    237   15.7        0
2720   184.0   12997    -58.1     43    -65.0    237   15.6        0
2725   183.3   13020    -58.2     43    -65.2    237   15.6        0
2730   182.6   13043    -58.4     43    -65.4    237   15.5        0
2735   182.0   13066    -58.6     42    -65.7    236   15.4        0
2740   181.3   13089    -58.8     42    -65.9    236   15.3        0
2745   180.6   13113    -59.0     42    -66.1    235   15.2        0
2750   179.9   13138    -59.1     42    -66.1    234   15.4        0
2755   179.3   13160    -59.3     43    -66.2    233   15.5        0
2760   178.6   13182    -59.5     44    -66.3    232   15.6        0
2765   178.0   13203    -59.7     44    -66.4    231   15.8        0
2770   177.4   13226    -59.9     44    -66.5    231   15.7        0
2775   176.8   13248    -60.1     45    -66.6    230   15.7        0
2780   176.2   13269    -60.3     46    -66.6    230   15.6        0
2785   175.5   13292    -60.5     47    -66.6    230   15.6        0
2790   174.9   13314    -60.7     47    -66.8    229   15.6        0
2795   174.3   13337    -60.9     47    -66.9    229   15.6        0
2800   173.6   13360    -61.1     47    -67.1    228   15.7        0
2805   173.0   13383    -61.3     47    -67.3    227   15.7        0
2810   172.3   13408    -61.5     47    -67.5    227   15.8        0
2815   171.6   13431    -61.7     47    -67.7    226   15.9        0
2820   171.0   13454    -61.9     48    -67.9    225   16.1        0
2825   170.4   13476    -62.1     48    -68.0    225   16.2        0
2830   169.8   13499    -62.3     48    -68.1    225   16.2        0
2835   169.1   13523    -62.6     49    -68.3    224   16.2        0
2840   168.5   13546    -62.8     50    -68.4    224   16.2        0
2845   167.9   13568    -63.0     50    -68.5    224   16.2        0
2850   167.3   13591    -63.2     50    -68.7    223   16.1        0
2855   166.6   13615    -63.4     50    -68.8    223   16.0        0
2860   166.0   13640    -63.6     50    -69.1    222   15.8        0
2865   165.3   13664    -63.8     50    -69.3    222   15.7        0
2870   164.6   13689    -64.0     50    -69.4    221   15.3        0
2875   164.0   13714    -64.1     50    -69.5    220   14.9        0
2880   163.4   13737    -64.3     50    -69.6    219   14.5        0
2885   162.7   13761    -64.4     51    -69.7    218   14.1        0
2890   162.1   13785    -64.5     51    -69.7    217   13.6        0
2895   161.5   13808    -64.7     52    -69.8    216   13.2        0
2900   160.9   13830    -64.8     53    -69.8    215   12.8        0
2905   160.3   13853    -65.0     53    -69.9    214   12.4        0
2910   159.7   13877    -65.2     54    -70.0    214   12.3        0
2915   159.1   13900    -65.4     54    -70.1    213   12.3        0
2920   158.4   13924    -65.6     55    -70.2    213   12.3        0
2925   157.8   13947    -65.8     55    -70.4    213   12.3        0
2930   157.2   13970    -66.0     55    -70.6    213   12.4        0
2935   156.6   13993    -66.2     56    -70.8    213   12.5        0
2940   156.1   14016    -66.5     56    -71.0    213   12.6        0
2945   155.5   14039    -66.7     56    -71.2    213   12.7        0
2950   154.9   14062    -66.9     56    -71.4    213   12.8        0
2955   154.3   14086    -67.1     56    -71.6    214   12.8        0
2960   153.7   14110    -67.4     55    -71.9    214   12.9        0
2965   153.0   14134    -67.6     55    -72.1    214   13.0        0
2970   152.5   14157    -67.8     56    -72.2    215   12.9        0
2975   151.9   14181    -68.0     56    -72.4    216   12.8        0
2980   151.3   14204    -68.1     55    -72.7    217   12.8        0
2985   150.7   14227    -68.3     55    -72.9    218   12.7        0
2990   150.1   14251    -68.5     55    -73.1    218   12.3        0
2991   150.0   14256    -68.5     55    -73.1    218   12.3    65536
2995   149.5   14274    -68.7     55    -73.2    218   11.9        0
3000   149.0   14297    -68.8     56    -73.3    217   11.6        0
3005   148.4   14320    -69.0     56    -73.3    217   11.2        0
3010   147.8   14343    -69.2     57    -73.4    217   10.9        0
3015   147.3   14364    -69.4     58    -73.5    217   10.6        0
3020   146.8   14386    -69.6     57    -73.8    217   10.3        0
3025   146.2   14408    -69.8     57    -74.0    217   10.0        0
3030   145.7   14431    -69.9     56    -74.3    218    9.7        0
3035   145.1   14455    -70.1     55    -74.5    219    9.4        0
3040   144.5   14478    -70.3     55    -74.8    220    9.0        0
3045   144.0   14501    -70.5     55    -75.0    221    8.7        0
3050   143.4   14523    -70.7     55    -75.2    222    8.4        0
3055   142.9   14545    -70.9     55    -75.3    223    8.1        0
3060   142.4   14567    -71.1     55    -75.5    224    7.8        0
3065   141.9   14588    -70.3     55    -74.7    225    7.6     2048
3070   141.4   14609    -71.5     56    -75.8    224    7.7        0
3075   140.8   14633    -71.6     55    -76.0    222    7.8        0
3080   140.3   14656    -71.8     55    -76.2    221    7.9        0
3085   139.7   14679    -72.0     55    -76.3    220    8.1        0
3090   139.2   14701    -72.1     55    -76.4    217    8.3        0
3095   138.7   14723    -72.2     55    -76.6    214    8.5        0
3100   138.2   14746    -72.4     55    -76.7    212    8.8        0
3105   137.6   14768    -72.5     55    -76.8    210    9.1        0
3110   137.1   14790    -72.6     56    -76.9    207    9.2        0
3115   136.6   14811    -72.8     56    -76.9    205    9.3        0
3120   136.1   14834    -72.9     57    -77.0    203    9.4        0
3125   135.6   14858    -73.1     57    -77.1    200    9.6        0
3130   135.0   14882    -73.3     58    -77.2    199    9.4        0
3135   134.5   14905    -73.4     58    -77.3    198    9.1        0
3140   133.9   14929    -73.6     59    -77.5    196    8.9        0
3145   133.4   14952    -73.8     59    -77.6    195    8.7        0
3150   132.9   14975    -74.0     60    -77.7    193    8.5        0
3155   132.3   14999    -74.2     60    -77.9    191    8.4        0
3160   131.8   15023    -74.4     60    -78.0    189    8.2        0
3165   131.3   15047    -74.6     60    -78.2    187    8.1        0
3170   130.7   15069    -74.8     60    -78.4    186    8.1        0
3175   130.2   15093    -74.9     59    -78.6    184    8.0        0
3180   129.7   15116    -75.0     59    -78.7    182    8.0        0
3185   129.2   15139    -74.3     59    -78.1    181    8.0     2048
3190   128.7   15162    -75.2     59    -79.0    183    8.0        0
3195   128.1   15187    -75.3     58    -79.1    185    8.1        0
3200   127.6   15212    -75.3     57    -79.2    187    8.2        0
3205   127.1   15236    -75.3     57    -79.3    189    8.3        0
3210   126.6   15258    -75.3     58    -79.2    194    8.1        0
3215   126.0   15283    -75.3     58    -79.1    198    8.0        0
3220   125.5   15308    -74.6     58    -78.5    203    7.9     8192
3225   125.0   15332    -75.2     58    -79.1    208    7.7        0
3230   124.4   15357    -75.2     58    -79.0    217    7.8        0
3235   123.9   15381    -75.2     58    -79.0    225    7.9        0
3240   123.4   15405    -75.2     59    -79.0    234    8.0        0
3245   122.9   15431    -74.1     59    -77.9    241    8.2     8192
3250   122.3   15456    -75.3     60    -79.0    244    8.3        0
3255   121.8   15481    -75.4     60    -79.0    247    8.6        0
3260   121.3   15506    -75.5     60    -79.1    250    8.8        0
3265   120.8   15531    -75.6     60    -79.2    252    9.1        0
3270   120.3   15556    -75.8     60    -79.3    254    9.2        0
3275   119.7   15581    -75.9     61    -79.4    255    9.4        0
3280   119.2   15606    -76.1     61    -79.6    256    9.5        0
3285   118.7   15631    -75.2     61    -78.7    256    9.7     2048
3290   118.2   15656    -76.4     61    -79.8    256    9.7        0
3295   117.7   15680    -76.5     61    -80.0    256    9.8        0
3300   117.2   15705    -76.6     61    -80.1    256    9.9        0
3305   116.7   15731    -76.8     61    -80.2    256    9.9        0
3310   116.2   15756    -76.9     62    -80.3    255    9.9        0
3315   115.7   15781    -77.0     62    -80.4    254    9.9        0
3320   115.2   15805    -77.2     62    -80.5    254    9.9        0
3325   114.7   15830    -77.3     63    -80.6    253    9.9        0
3330   114.2   15854    -77.5     63    -80.7    253    9.9        0
3335   113.7   15879    -77.6     63    -80.8    254    9.9        0
3340   113.2   15904    -77.7     63    -80.9    254    9.9        0
3345   112.7   15930    -77.9     64    -81.0    254    9.9        0
3350   112.2   15955    -78.0     65    -81.0    254    9.8        0
3355   111.7   15979    -78.2     65    -81.1    253    9.8        0
3360   111.3   16004    -78.3     66    -81.2    252    9.8        0
3365   110.8   16029    -78.4     66    -81.3    252    9.7        0
3370   110.3   16053    -78.6     66    -81.4    250    9.6        0
3375   109.8   16078    -78.7     66    -81.6    249    9.5        0
3380   109.4   16102    -78.8     66    -81.7    247    9.4        0
3385   108.9   16127    -78.9     66    -81.8    245    9.3        0
3390   108.4   16153    -79.1     67    -81.8    243    9.3        0
3395   108.0   16176    -79.2     67    -81.9    240    9.4        0
3400   107.5   16200    -79.3     67    -82.1    237    9.4        0
3405   107.1   16223    -79.4     67    -82.1    234    9.6        0
3410   106.6   16247    -79.5     67    -82.2    234    9.6        0
3415   106.2   16270    -79.6     67    -82.3    234    9.7        0
3420   105.8   16293    -79.5     67    -82.3    234    9.8        0
3421   105.7   16296    -78.9     67    -81.6    234    9.8    40960
3425   105.4   16315    -78.9     67    -81.7    233    9.9     2048
3430   104.9   16338    -79.4     67    -82.2    234    9.9        0
3433   104.7   16353    -79.0     66    -81.8    234    9.8     8192
3435   104.5   16360    -79.3     66    -82.1    235    9.8        0
3440   104.1   16383    -79.1     66    -82.0    235    9.8        0
3445   103.7   16407    -79.0     65    -81.9    236    9.7        0
3450   103.3   16430    -78.8     65    -81.8    237    9.7        0
3455   102.8   16454    -78.7     65    -81.6    238    9.6        0
3458   102.5   16470    -77.0     65    -80.0    239    9.6     8192
3460   102.4   16478    -78.5     65    -81.5    239    9.6        0
3465   102.0   16502    -78.4     66    -81.3    240    9.6        0
3470   101.5   16526    -78.2     66    -81.1    242    9.5        0
3475   101.1   16549    -78.2     67    -81.0    245    9.5        0
3480   100.7   16573    -78.1     66    -80.9    247    9.5        0
3485   100.3   16598    -78.0     66    -80.9    249    9.5        0
3488   100.0   16614    -78.0     65    -81.0    250    9.3    75776
