Table  Time-based BUFR (0309052) at 100 hPa
                  BUFR Data                     
TIME    PRES.   HGT/MSL  TEMP.   RH     DEWP   W.D    W.S     8042      
Sec      mb      Meter     °C      %      °C    Deg.  Knots   Code Table
------------------------------------------------------------------------
   0  1010.5      45     30.1     77     25.8    090    1.3   145408
   5  1006.9      77     28.9     75     24.1    115    4.1        0
   7  1005.2      92     28.5     74     23.4    115    4.3     4096
  10  1003.2     110     28.3     74     23.3    114    4.6        0
  14  1000.0     138     28.0     75     23.2    113    5.1    65536
  15   999.5     143     27.9     75     23.2    113    5.1        0
  20   996.1     174     27.6     76     23.1    112    5.2        0
  25   993.1     200     27.4     77     23.0    112    5.2        0
  30   990.6     222     27.2     77     23.0    112    5.2        0
  35   988.1     245     26.9     78     22.9    112    5.1        0
  40   985.5     268     26.7     79     22.9    112    5.1        0
  45   983.0     291     26.5     80     22.8    112    5.1        0
  47   982.0     300     26.4     80     22.8    113    5.0     2048
  50   980.6     312     26.3     80     22.7    114    4.9        0
  55   978.0     336     26.1     81     22.7    115    4.8        0
  60   975.3     361     25.9     82     22.6    117    4.6        0
  65   972.6     386     25.7     82     22.5    119    4.5        0
  70   970.1     408     25.4     83     22.4    120    4.8        0
  74   968.4     423     25.3     83     22.3    121    5.0     4096
  75   967.6     430     25.2     83     22.2    121    5.1        0
  80   965.1     454     25.1     82     21.9    122    5.4        0
  85   962.3     479     25.0     81     21.6    123    5.7     2048
  90   959.5     505     24.9     80     21.3    122    5.9        0
  95   956.9     529     24.9     78     20.9    121    6.2        0
 100   954.2     553     24.9     76     20.5    120    6.4        0
 105   951.4     580     24.7     76     20.3    119    6.6        0
 109   949.2     600     24.6     76     20.1    118    6.6     2048
 110   948.6     605     24.6     75     20.0    117    6.6        0
 115   945.8     632     24.4     75     19.7    116    6.6        0
 120   942.8     660     24.2     74     19.4    114    6.7        0
 125   939.8     688     24.1     73     19.1    113    6.7        0
 130   937.1     713     24.0     73     18.9    113    7.1        0
 135   934.2     740     23.9     72     18.6    113    7.4        0
 140   931.3     768     23.8     71     18.3    113    7.8        0
 145   928.2     796     23.5     71     18.1    114    8.2        0
 150   925.0     827     23.2     71     17.8    112    8.5    65536
 155   922.3     853     23.0     71     17.6    111    8.7        0
 160   919.3     881     22.8     71     17.4    110    8.9        0
 163   917.3     900     22.7     71     17.2    110    9.1     2048
 165   916.3     910     22.6     71     17.1    109    9.2        0
 167   915.3     920     22.5     71     17.0    109    9.2     4096
 170   913.3     938     22.4     71     17.0    109    9.1        0
 175   910.5     965     22.3     72     17.0    108    9.1        0
 180   907.8     991     22.1     72     17.0    108    9.1        0
 185   905.2    1016     21.9     74     17.1    107    9.0        0
 190   902.4    1043     21.6     76     17.2    109    8.9        0
 195   899.4    1072     21.4     77     17.2    110    8.7        0
 200   896.4    1101     21.2     77     17.1    112    8.5        0
 205   893.3    1132     21.0     77     16.9    113    8.4        0
 210   890.1    1162     20.8     77     16.8    112    8.3        0
 215   887.1    1192     20.6     78     16.7    111    8.1        0
 220   884.2    1220     20.5     78     16.6    110    8.0        0
 225   881.3    1248     20.4     77     16.2    109    7.9        0
 230   878.5    1277     20.3     75     15.8    108    8.2        0
 235   875.7    1304     20.2     74     15.5    108    8.5        0
 240   873.0    1330     20.0     75     15.4    107    8.7        0
 245   870.0    1360     19.8     75     15.4    107    9.0        0
 250   867.0    1391     19.7     76     15.4    108    8.8        0
 255   864.4    1418     19.6     76     15.4    109    8.5        0
 260   862.0    1439     19.6     76     15.3    110    8.3        0
 265   859.5    1464     19.5     75     15.0    111    8.0        0
 270   856.7    1494     19.4     74     14.7    110    8.2        0
 275   853.7    1524     19.2     74     14.5    109    8.4        0
 280   850.7    1554     19.0     74     14.4    108    8.6        0
 281   850.0    1561     19.0     74     14.4    108    8.7    65536
 285   847.9    1585     18.8     75     14.3    108    8.8        0
 290   845.4    1608     18.6     75     14.2    106    8.9        0
 295   843.0    1632     18.4     75     14.0    105    9.1        0
 300   840.6    1657     18.2     76     13.9    104    9.2        0
 305   838.0    1684     18.0     75     13.6    103    9.3        0
 310   835.1    1713     17.7     75     13.3    103    9.3        0
 315   831.9    1746     17.5     75     13.1    104    9.2        0
 320   828.6    1780     17.3     75     12.9    105    9.1        0
 325   825.8    1810     17.1     75     12.6    106    9.1        0
 330   823.1    1837     16.9     75     12.5    106    8.9        0
 335   820.3    1867     16.7     76     12.5    107    8.8        0
 340   817.7    1894     16.5     76     12.4    107    8.6        0
 345   815.1    1920     16.3     77     12.4    108    8.5        0
 350   812.4    1950     16.1     79     12.4    109    8.7        0
 355   809.5    1979     15.9     80     12.4    110    9.0        0
 360   806.8    2008     15.7     80     12.4    111    9.3        0
 365   804.1    2037     15.4     81     12.3    113    9.5        0
 367   802.7    2050     15.3     82     12.3    112    9.5     4096
 370   801.3    2066     15.3     81     12.1    112    9.4        0
 375   798.2    2100     15.1     80     11.8    112    9.3     2048
 380   795.5    2128     14.9     79     11.5    111    9.2        0
 385   792.7    2159     14.8     78     11.1    111    9.2        0
 390   790.2    2185     14.7     77     10.7    111    9.2        0
 395   787.7    2212     14.5     76     10.4    112    9.3        0
 400   785.1    2240     14.3     77     10.3    112    9.4        0
 405   782.4    2270     14.1     78     10.3    113    9.5        0
 410   779.8    2298     13.9     79     10.3    112    9.4        0
 415   777.3    2324     13.8     80     10.4    112    9.3        0
 420   775.2    2348     13.6     81     10.4    111    9.2        0
 425   773.1    2370     13.6     80     10.3    110    9.0        0
 430   770.6    2397     13.5     80     10.1    110    9.0        0
 435   768.1    2425     13.5     79     10.0    110    9.0        0
 440   765.7    2451     13.3     79      9.8    109    9.0        0
 445   763.2    2479     13.1     79      9.6    109    9.0        0
 450   760.7    2507     13.0     79      9.4    108    8.8        0
 455   758.2    2535     13.0     78      9.4    107    8.6        0
 460   755.9    2561     13.0     78      9.3    106    8.4        0
 462   754.9    2571     13.0     78      9.3    105    8.4     8192
 465   753.6    2586     13.0     78      9.2    104    8.3        0
 470   751.3    2611     13.0     77      9.0    104    8.2        0
 475   749.0    2639     13.0     76      8.8    103    8.0        0
 476   748.8    2642     13.0     76      8.8    103    8.0     8192
 480   747.1    2659     12.9     75      8.6    102    7.9        0
 485   745.2    2680     12.9     74      8.3    101    7.8        0
 490   743.3    2702     12.8     73      8.1    099    7.5        0
 495   741.2    2725     12.6     72      7.8    097    7.2        0
 500   738.9    2753     12.5     72      7.6    095    6.8        0
 505   736.3    2782     12.3     72      7.4    092    6.5        0
 510   733.8    2811     12.1     72      7.3    093    6.5        0
 515   731.4    2838     12.0     72      7.2    093    6.5        0
 520   729.2    2863     11.8     72      6.9    094    6.5        0
 525   726.9    2889     11.7     71      6.7    095    6.5        0
 530   724.6    2916     11.6     71      6.5    093    6.3        0
 535   722.3    2943     11.5     70      6.3    092    6.2        0
 540   720.2    2968     11.5     70      6.1    091    6.0        0
 545   718.1    2992     11.4     69      6.0    090    5.9     2048
 550   716.2    3014     11.3     69      5.9    091    6.2        0
 555   714.6    3033     11.2     69      5.7    092    6.6        0
 560   712.9    3052     11.1     69      5.6    093    7.0        0
 565   711.2    3072     11.0     69      5.6    094    7.4        0
 570   709.4    3094     10.8     69      5.5    096    7.4        0
 575   707.3    3118     10.7     70      5.6    098    7.5        0
 580   705.2    3144     10.5     72      5.6    100    7.5        0
 585   703.1    3168     10.3     72      5.6    102    7.6        0
 590   701.1    3193     10.1     73      5.5    101    7.8        0
 593   700.0    3206     10.0     73      5.5    100    7.8    65536
 595   699.0    3217     10.0     73      5.4    100    7.9        0
 600   697.1    3240      9.8     73      5.3    099    8.1        0
 605   695.3    3262      9.7     73      5.2    098    8.2        0
 610   693.4    3283      9.7     73      5.1    098    8.4        0
 615   691.7    3306      9.6     73      5.0    099    8.5        0
 620   690.1    3324      9.6     73      5.0    099    8.7        0
 625   688.5    3343      9.6     72      4.8    100    8.9        0
 630   686.9    3363      9.5     71      4.5    101    8.9        0
 635   685.3    3382      9.5     70      4.3    102    9.0        0
 640   683.7    3401      9.4     68      3.9    103    9.1        0
 645   682.0    3423      9.3     67      3.6    103    9.1        0
 650   680.1    3445      9.2     66      3.2    104    8.9        0
 655   678.2    3468      9.1     66      3.0    104    8.7        0
 660   676.4    3491      9.0     65      2.8    104    8.5        0
 665   674.5    3514      8.9     65      2.6    105    8.3        0
 670   672.5    3540      8.8     64      2.4    104    8.0        0
 675   670.6    3562      8.8     63      2.1    103    7.7        0
 680   668.9    3583      8.7     62      1.9    102    7.4        0
 685   667.2    3605      8.6     61      1.6    101    7.1        0
 690   665.3    3628      8.5     60      1.3    100    6.9     4096
 695   663.5    3651      8.4     61      1.3    100    6.6        0
 700   661.8    3671      8.2     61      1.2    099    6.3        0
 705   660.1    3692      8.1     61      1.1    098    6.1        0
 710   658.3    3715      7.9     61      0.9    097    6.0        0
 715   656.3    3740      7.7     61      0.8    096    6.0        0
 720   654.0    3770      7.5     61      0.6    096    5.9        0
 725   651.5    3801      7.3     61      0.3    095    5.9        0
 730   649.2    3831      7.1     61      0.1    094    5.9        0
 735   647.0    3859      6.9     61      0.1    093    5.8        0
 740   645.1    3883      6.8     62      0.0    091    5.8        0
 745   643.4    3904      6.7     62      0.0    090    5.8        0
 750   641.8    3925      6.4     64      0.1    093    5.6        0
 755   640.0    3948      6.2     65      0.1    096    5.4        0
 760   637.8    3976      6.0     66      0.1    100    5.3        0
 765   635.7    4004      5.8     67      0.1    103    5.1        0
 770   633.7    4029      5.6     68      0.1    104    5.0        0
 775   631.8    4054      5.4     67     -0.1    105    4.9        0
 780   629.9    4078      5.3     67     -0.4    107    4.8        0
 785   628.1    4102      5.1     66     -0.7    108    4.7        0
 790   626.3    4125      4.9     66     -0.9    108    4.7        0
 795   624.4    4150      4.7     65     -1.2    107    4.8        0
 800   622.5    4175      4.5     65     -1.4    107    4.8        0
 805   620.6    4200      4.3     65     -1.6    107    4.8     2048
 810   618.6    4227      4.1     66     -1.7    109    4.9        0
 815   616.8    4250      4.0     65     -1.9    111    5.0        0
 820   615.1    4273      3.8     65     -2.1    113    5.1        0
 825   613.3    4297      3.7     65     -2.3    115    5.2        0
 830   611.5    4320      3.5     66     -2.3    116    5.0        0
 835   609.7    4345      3.4     66     -2.3    117    4.8        0
 840   607.9    4369      3.2     67     -2.3    118    4.6        0
 845   606.2    4392      3.0     69     -2.1    119    4.4     2048
 850   604.3    4417      2.9     70     -2.0    117    4.1        0
 855   602.6    4440      2.7     71     -2.0    115    3.9        0
 860   601.1    4460      2.5     72     -2.1    112    3.7        0
 865   599.7    4478      2.4     72     -2.2    109    3.4     4096
 870   598.0    4501      2.2     71     -2.5    103    3.5        0
 875   596.3    4524      2.0     70     -2.8    097    3.6        0
 880   594.5    4550      1.8     69     -3.2    091    3.6        0
 885   592.6    4576      1.7     68     -3.6    085    3.7        0
 890   590.7    4602      1.6     67     -3.9    082    3.8        0
 895   589.1    4623      1.4     66     -4.2    079    3.9        0
 900   587.7    4642      1.3     66     -4.4    076    4.1        0
 905   586.3    4662      1.2     65     -4.6    073    4.2        0
 910   584.8    4683      1.2     64     -4.8    071    4.1        0
 915   583.2    4704      1.1     63     -5.1    069    4.1        0
 920   581.7    4726      1.0     63     -5.3    067    4.0        0
 925   580.2    4746      0.8     63     -5.5    065    4.0        0
 930   578.8    4765      0.7     62     -5.7    063    4.0        0
 935   577.4    4785      0.6     62     -5.9    061    3.9        0
 940   576.2    4802      0.5     61     -6.2    059    3.9        0
 944   575.1    4817      0.4     60     -6.5    058    3.9     4096
 945   574.9    4819      0.4     60     -6.5    057    3.9        0
 950   573.5    4839      0.2     61     -6.4    057    3.8        0
 955   571.8    4863      0.1     62     -6.4    056    3.6        0
 960   569.8    4891     -0.1     64     -6.2    056    3.5        0
 965   568.1    4915     -0.2     67     -5.6    055    3.3     2048
 970   566.6    4938     -0.4     71     -5.1    055    3.2        0
 975   565.3    4956     -0.5     72     -5.0    056    3.0        0
 980   564.0    4974     -0.6     72     -5.1    056    2.9        0
 985   562.7    4992     -0.7     72     -5.2    057    2.7        0
 990   561.4    5011     -0.8     71     -5.4    060    2.6        0
 995   560.1    5030     -0.9     71     -5.6    064    2.6        0
1000   558.7    5049     -1.1     71     -5.7    068    2.5        0
1005   557.4    5068     -1.2     73     -5.5    072    2.5     2048
1010   556.0    5087     -1.4     74     -5.4    071    2.3        0
1015   554.8    5106     -1.6     75     -5.3    071    2.0        0
1020   553.5    5124     -1.7     77     -5.3    070    1.8        0
1025   552.3    5141     -1.9     78     -5.2    069    1.5        0
1030   551.1    5159     -2.0     78     -5.3    067    1.5        0
1035   549.8    5177     -2.1     78     -5.4    065    1.5        0
1038   548.9    5190     -2.2     78     -5.5    064    1.5     4096
1040   548.5    5197     -2.3     78     -5.6    063    1.5        0
1045   547.1    5216     -2.3     77     -5.8    062    1.5        0
1050   545.8    5236     -2.4     76     -6.0    060    1.6        0
1055   544.4    5255     -2.5     75     -6.4    059    1.8        0
1060   542.9    5277     -2.6     73     -6.8    057    1.9        0
1065   541.4    5299     -2.8     72     -7.1    056    2.0     2048
1070   539.9    5321     -2.9     72     -7.2    058    2.1        0
1075   538.3    5346     -3.1     73     -7.2    061    2.1        0
1080   536.7    5369     -3.3     74     -7.3    063    2.1        0
1085   535.2    5391     -3.5     74     -7.6    065    2.2        0
1090   533.7    5414     -3.7     73     -7.8    069    2.1        0
1095   531.9    5439     -4.0     73     -8.1    074    2.0        0
1100   529.9    5470     -4.2     72     -8.5    079    2.0        0
1105   527.8    5502     -4.5     71     -8.9    084    1.9        0
1110   525.9    5530     -4.7     71     -9.1    090    1.7        0
1115   524.2    5555     -4.9     71     -9.3    100    1.4        0
1120   522.4    5582     -5.1     71     -9.5    114    1.2        0
1125   520.3    5614     -5.3     71     -9.7    133    1.0     2048
1130   518.2    5647     -5.4     71     -9.9    129    1.1        0
1135   516.3    5674     -5.5     71    -10.0    127    1.3        0
1140   514.8    5698     -5.6     72     -9.9    125    1.4        0
1145   513.3    5721     -5.7     73     -9.8    123    1.6        0
1150   511.6    5746     -5.8     72    -10.0    133    2.0        0
1155   509.9    5773     -6.0     72    -10.3    141    2.3        0
1160   508.1    5799     -6.2     71    -10.5    146    2.7        0
1165   506.3    5829     -6.4     71    -10.8    150    3.0        0
1170   504.3    5859     -6.6     71    -11.0    152    3.3        0
1175   502.9    5883     -6.7     71    -11.2    154    3.5        0
1180   501.5    5903     -6.9     71    -11.3    156    3.7        0
1185   500.2    5924     -7.0     71    -11.5    158    3.9        0
1186   500.0    5927     -7.1     71    -11.5    158    4.0    65536
1190   498.7    5947     -7.2     70    -11.8    157    4.1        0
1195   497.3    5970     -7.3     69    -12.1    156    4.2        0
1200   495.8    5992     -7.4     67    -12.5    155    4.4        0
1205   494.4    6015     -7.5     63    -13.3    155    4.6        0
1210   493.0    6036     -7.6     59    -14.3    155    4.6        0
1215   491.7    6057     -7.7     55    -15.2    156    4.7        0
1220   490.4    6077     -7.8     51    -16.2    156    4.8        0
1225   489.1    6098     -7.9     48    -17.2    156    4.9        0
1230   487.6    6122     -8.0     46    -17.7    160    5.0        0
1235   486.2    6144     -8.1     45    -18.0    164    5.0        0
1240   484.7    6168     -8.2     44    -18.3    168    5.2        0
1245   483.1    6196     -8.4     44    -18.7    172    5.3     2048
1250   481.3    6224     -8.6     43    -19.0    167    5.5        0
1255   479.4    6253     -8.8     42    -19.5    163    5.8        0
1260   477.5    6286     -8.9     40    -20.1    159    6.1        0
1265   475.4    6319     -9.1     39    -20.8    156    6.4        0
1270   473.7    6349     -9.3     36    -21.8    151    6.5        0
1275   472.3    6370     -9.4     32    -23.3    146    6.5        0
1280   471.0    6390     -9.5     28    -24.9    141    6.5        0
1285   469.7    6412     -9.6     28    -24.9    136    6.5        0
1290   468.2    6438     -9.8     29    -24.8    140    6.9        0
1295   466.7    6462     -9.9     30    -24.5    143    7.3        0
1300   465.4    6484     -9.9     32    -23.9    147    7.7        0
1305   464.3    6503     -9.9     33    -23.2    150    8.1        0
1310   463.1    6522     -9.9     34    -23.2    148    7.8        0
1315   462.0    6541     -9.9     32    -23.7    146    7.5        0
1320   460.8    6561     -9.9     31    -24.2    145    7.2        0
1325   459.6    6581    -10.0     31    -24.1    143    6.9        0
1330   458.3    6604    -10.2     28    -25.4    141    6.8        0
1335   457.0    6625    -10.3     25    -26.8    140    6.7        0
1340   455.7    6647    -10.5     25    -27.0    138    6.6        0
1345   454.4    6668    -10.6     25    -27.3    137    6.5        0
1348   453.8    6679    -10.7     24    -27.5    137    6.4     4096
1350   453.2    6688    -10.8     25    -27.2    137    6.4        0
1355   452.0    6709    -11.0     27    -26.8    136    6.4        0
1360   450.7    6732    -11.1     28    -26.4    136    6.3        0
1365   449.2    6756    -11.3     28    -26.4    136    6.3        0
1370   447.5    6787    -11.4     28    -26.5    132    6.2        0
1375   445.8    6815    -11.5     28    -26.5    128    6.2        0
1380   444.3    6841    -11.7     32    -25.4    124    6.2        0
1385   442.7    6868    -11.9     35    -24.5    120    6.2        0
1390   441.0    6899    -12.1     37    -24.0    117    6.1        0
1395   439.1    6932    -12.5     38    -24.2    113    5.9        0
1400   437.2    6965    -12.8     38    -24.3    110    5.8        0
1405   435.5    6995    -13.1     38    -24.8    106    5.7        0
1410   433.7    7026    -13.5     37    -25.3    105    6.0        0
1415   432.0    7057    -13.8     36    -25.9    104    6.3        0
1420   430.4    7084    -14.1     36    -26.0    103    6.7        0
1425   428.9    7111    -14.4     37    -26.1    102    7.0        0
1430   427.3    7140    -14.7     38    -26.2    103    6.9        0
1435   425.7    7169    -14.9     38    -26.2    104    6.9        0
1440   424.1    7196    -15.1     39    -26.2    106    6.8        0
1445   422.6    7223    -15.3     42    -25.4    107    6.8        0
1450   421.2    7248    -15.4     47    -24.3    107    6.6        0
1455   419.9    7271    -15.5     52    -23.3    107    6.4        0
1460   418.4    7298    -15.7     57    -22.3    107    6.2        0
1465   417.0    7325    -15.8     62    -21.5    107    6.1        0
1470   415.5    7350    -15.9     66    -20.8    102    6.1        0
1475   414.1    7376    -15.8     69    -20.3    097    6.2        0
1480   412.7    7402    -15.8     72    -19.8    092    6.3        0
1485   411.2    7430    -15.8     74    -19.5    087    6.3        0
1490   409.6    7459    -15.8     75    -19.3    085    6.6        0
1495   408.0    7489    -15.8     77    -19.0    083    6.8        0
1500   406.2    7522    -15.9     76    -19.2    081    7.1        0
1505   404.7    7549    -16.1     76    -19.4    079    7.3        0
1510   403.3    7577    -16.2     76    -19.5    079    7.3        0
1515   401.9    7602    -16.2     76    -19.6    079    7.3        0
1520   400.4    7631    -16.3     76    -19.6    079    7.2        0
1521   400.0    7638    -16.3     76    -19.6    079    7.2    65536
1525   398.7    7663    -16.3     75    -19.7    079    7.2        0
1530   397.1    7693    -16.3     74    -19.9    080    7.2        0
1535   395.5    7723    -16.3     73    -20.0    081    7.2        0
1540   393.7    7759    -16.3     73    -20.1    082    7.1        0
1545   392.1    7790    -16.3     72    -20.2    083    7.1        0
1550   390.6    7818    -16.3     72    -20.2    081    7.2        0
1555   389.3    7843    -16.5     72    -20.3    079    7.2        0
1560   387.9    7871    -16.7     73    -20.5    076    7.3        0
1565   386.2    7903    -17.0     73    -20.7    074    7.4        0
1570   384.6    7934    -17.4     74    -21.0    076    7.4        0
1575   383.2    7962    -17.8     75    -21.3    078    7.3        0
1580   381.9    7988    -18.2     76    -21.5    079    7.2        0
1585   380.6    8012    -18.6     77    -21.7    081    7.1        0
1590   379.4    8035    -19.0     78    -21.9    077    7.0        0
1595   378.1    8062    -19.2     79    -22.1    073    6.9        0
1600   376.7    8090    -19.5     79    -22.2    068    6.8        0
1605   375.2    8118    -19.7     80    -22.3    064    6.8        0
1610   373.8    8147    -19.8     80    -22.4    063    6.8        0
1615   372.4    8174    -20.0     81    -22.5    062    6.9        0
1620   371.1    8201    -20.2     81    -22.7    061    7.0        0
1625   369.7    8228    -20.3     81    -22.8    060    7.1        0
1630   368.3    8256    -20.5     81    -23.0    060    7.3        0
1635   366.9    8286    -20.7     81    -23.2    059    7.5        0
1640   365.5    8315    -20.8     81    -23.3    058    7.7        0
1645   364.1    8342    -21.0     81    -23.5    057    7.9        0
1650   362.8    8368    -21.1     80    -23.6    055    8.1        0
1655   361.5    8395    -21.2     80    -23.7    054    8.2        0
1660   360.2    8423    -21.3     80    -23.9    052    8.4        0
1665   358.7    8451    -21.4     80    -24.1    050    8.6     2048
1670   357.3    8482    -21.6     79    -24.3    050    8.6        0
1675   355.8    8513    -21.8     79    -24.4    050    8.5        0
1680   354.4    8543    -22.0     79    -24.6    050    8.5        0
1685   353.1    8569    -22.2     79    -24.8    050    8.4        0
1690   351.8    8596    -22.4     79    -25.1    051    8.3        0
1695   350.4    8625    -22.6     79    -25.3    053    8.2        0
1700   349.1    8654    -22.8     79    -25.5    054    8.1        0
1705   347.8    8680    -23.0     79    -25.8    055    8.1        0
1710   346.5    8708    -23.2     78    -26.0    056    7.9        0
1715   345.0    8740    -23.4     78    -26.3    056    7.8        0
1720   343.6    8768    -23.6     77    -26.6    056    7.6        0
1725   342.1    8801    -23.9     77    -26.9    057    7.5        0
1730   340.5    8837    -24.1     77    -27.0    056    7.6        0
1735   338.8    8872    -24.3     77    -27.2    055    7.7        0
1740   337.4    8902    -24.5     77    -27.4    054    7.8        0
1745   336.0    8933    -24.7     77    -27.6    053    8.0        0
1750   334.5    8965    -24.9     77    -27.8    050    7.6        0
1755   333.0    8998    -25.2     78    -28.0    047    7.3        0
1760   331.5    9031    -25.4     78    -28.2    044    7.0        0
1765   330.0    9063    -25.6     78    -28.4    041    6.8        0
1770   328.5    9097    -25.8     78    -28.6    042    7.0        0
1775   327.0    9130    -26.1     78    -28.8    042    7.2        0
1780   325.5    9163    -26.3     78    -29.0    043    7.4        0
1785   324.2    9193    -26.5     78    -29.2    043    7.6        0
1790   322.9    9223    -26.7     79    -29.3    042    7.7        0
1795   321.4    9255    -26.9     79    -29.6    041    7.7        0
1800   320.0    9288    -27.1     78    -29.9    041    7.8        0
1805   318.5    9321    -27.4     78    -30.1    040    7.8        0
1810   317.1    9354    -27.6     78    -30.4    040    7.7        0
1815   315.6    9387    -27.8     78    -30.6    040    7.5        0
1820   314.2    9418    -28.0     78    -30.8    040    7.3        0
1825   312.8    9450    -28.3     78    -31.1    041    7.2        0
1830   311.4    9484    -28.5     78    -31.3    040    7.2        0
1835   309.9    9519    -28.8     77    -31.5    040    7.1        0
1840   308.4    9554    -29.0     77    -31.8    040    7.1        0
1845   306.9    9589    -29.3     77    -32.1    040    7.0        0
1850   305.4    9623    -29.5     77    -32.3    040    7.0        0
1855   303.9    9659    -29.8     77    -32.6    040    6.9        0
1860   302.4    9694    -30.1     77    -32.8    040    6.8        0
1865   300.9    9730    -30.3     77    -33.1    039    6.7        0
1868   300.0    9750    -30.5     77    -33.3    039    6.8    65536
1870   299.4    9765    -30.6     77    -33.4    039    6.8        0
1875   297.9    9801    -30.9     77    -33.7    038    7.0        0
1880   296.4    9837    -31.1     77    -34.0    037    7.1        0
1885   294.9    9872    -31.4     76    -34.2    036    7.2        0
1890   293.5    9905    -31.6     76    -34.5    036    7.4        0
1895   292.1    9941    -31.8     76    -34.7    036    7.7        0
1900   290.7    9976    -32.1     76    -35.0    036    7.9        0
1905   289.3   10007    -32.3     77    -35.1    036    8.1        0
1910   288.1   10037    -32.5     77    -35.2    035    8.2        0
1915   287.0   10065    -32.7     78    -35.4    034    8.2        0
1920   285.8   10094    -33.0     78    -35.6    033    8.2        0
1925   284.6   10125    -33.2     79    -35.7    032    8.2        0
1930   283.4   10155    -33.4     78    -36.1    032    8.2        0
1935   282.2   10185    -33.7     77    -36.4    031    8.1        0
1940   281.1   10212    -33.9     76    -36.7    031    8.0        0
1945   280.0   10239    -34.1     77    -36.9    030    7.9        0
1950   279.0   10264    -34.3     77    -37.0    030    7.7        0
1955   278.0   10289    -34.4     77    -37.2    030    7.4        0
1960   276.9   10316    -34.6     76    -37.5    031    7.2        0
1965   275.8   10346    -34.8     75    -37.7    031    6.9        0
1970   274.6   10376    -35.0     76    -37.8    030    6.5        0
1975   273.4   10405    -35.1     76    -37.9    030    6.2        0
1980   272.4   10431    -35.3     77    -38.0    029    5.8        0
1985   271.4   10457    -35.4     78    -38.0    028    5.5     2048
1990   270.5   10481    -35.6     80    -37.9    029    5.3        0
1995   269.5   10505    -35.7     80    -38.0    030    5.0        0
2000   268.6   10529    -35.9     81    -38.1    031    4.8        0
2005   267.7   10551    -36.1     81    -38.2    032    4.5        0
2006   267.5   10557    -36.1     81    -38.3    033    4.5     4096
2010   266.9   10573    -36.2     80    -38.5    033    4.5        0
2015   266.0   10596    -36.4     80    -38.7    034    4.6        0
2020   265.2   10619    -36.6     79    -39.0    035    4.6        0
2025   264.3   10643    -36.8     78    -39.3    036    4.6        0
2030   263.4   10666    -37.0     78    -39.6    037    4.7        0
2035   262.5   10689    -37.2     77    -39.8    037    4.8        0
2040   261.7   10712    -37.4     78    -39.9    037    4.9        0
2045   260.8   10734    -37.6     79    -40.0    037    5.0        0
2050   259.9   10757    -37.8     79    -40.2    038    5.0        0
2055   259.1   10780    -38.0     79    -40.4    040    5.0        0
2060   258.2   10803    -38.2     79    -40.6    041    5.1        0
2065   257.3   10826    -38.4     78    -40.8    042    5.1        0
2070   256.5   10850    -38.6     78    -41.1    042    5.2        0
2075   255.6   10874    -38.8     78    -41.3    042    5.3        0
2080   254.7   10899    -39.0     78    -41.5    043    5.4        0
2085   253.7   10923    -39.2     78    -41.7    043    5.5        0
2090   252.8   10948    -39.4     77    -42.0    043    5.4        0
2095   251.9   10972    -39.6     77    -42.2    043    5.3        0
2100   251.0   10997    -39.8     76    -42.5    043    5.2        0
2105   250.0   11025    -40.0     75    -42.8    043    5.1    65536
2110   249.1   11051    -40.2     75    -43.1    043    4.8        0
2115   248.2   11075    -40.4     74    -43.4    043    4.6        0
2120   247.4   11098    -40.6     74    -43.5    043    4.3        0
2125   246.5   11123    -40.8     74    -43.7    043    4.1        0
2130   245.5   11150    -40.9     74    -43.9    047    3.9        0
2135   244.6   11174    -41.1     73    -44.2    051    3.7        0
2140   243.8   11196    -41.3     73    -44.4    056    3.5        0
2145   243.0   11219    -41.5     73    -44.5    061    3.3        0
2150   242.2   11242    -41.6     74    -44.6    061    3.2        0
2155   241.4   11265    -41.8     74    -44.8    060    3.1        0
2160   240.6   11288    -42.0     74    -45.0    059    3.0        0
2165   239.8   11310    -42.2     74    -45.2    058    2.8        0
2170   238.9   11334    -42.4     74    -45.4    058    2.8        0
2175   238.1   11359    -42.6     74    -45.6    059    2.8        0
2180   237.3   11381    -42.9     74    -45.8    059    2.7        0
2185   236.5   11402    -43.1     74    -46.0    059    2.7        0
2190   235.7   11425    -43.3     73    -46.3    058    2.8        0
2195   234.9   11448    -43.5     73    -46.5    057    2.8        0
2200   234.1   11472    -43.7     73    -46.8    056    2.9        0
2205   233.3   11495    -43.9     72    -47.1    055    3.0        0
2210   232.5   11518    -44.2     71    -47.4    054    2.9        0
2215   231.7   11541    -44.4     70    -47.7    052    2.9        0
2220   230.9   11564    -44.6     69    -48.1    051    2.8        0
2225   230.1   11588    -44.8     69    -48.4    050    2.8        0
2230   229.3   11612    -45.0     68    -48.6    049    2.8        0
2235   228.4   11636    -45.2     68    -48.9    049    2.9        0
2240   227.6   11660    -45.4     68    -49.0    049    2.9        0
2245   226.8   11684    -45.6     69    -49.2    049    3.0        0
2250   226.0   11707    -45.8     69    -49.3    049    3.2        0
2255   225.2   11731    -46.0     69    -49.4    049    3.5        0
2260   224.4   11756    -46.2     70    -49.6    050    3.8        0
2265   223.6   11781    -46.4     70    -49.7    050    4.0        0
2270   222.7   11806    -46.6     70    -49.9    051    4.2        0
2275   221.9   11829    -46.8     70    -50.1    052    4.4        0
2280   221.1   11854    -47.0     70    -50.3    053    4.5        0
2285   220.3   11879    -47.3     70    -50.6    054    4.7        0
2290   219.4   11904    -47.5     70    -50.9    054    4.7        0
2295   218.6   11929    -47.8     70    -51.1    055    4.8        0
2300   217.8   11955    -48.0     70    -51.4    056    4.8        0
2305   216.9   11982    -48.3     70    -51.6    056    4.8        0
2310   216.0   12008    -48.5     70    -51.8    056    4.8        0
2315   215.2   12035    -48.8     71    -51.9    056    4.8        0
2320   214.3   12061    -49.0     71    -52.2    056    4.8        0
2325   213.4   12089    -49.3     71    -52.4    056    4.8        0
2330   212.5   12117    -49.5     70    -52.7    056    4.8        0
2335   211.6   12145    -49.7     70    -52.9    057    4.7        0
2340   210.7   12171    -49.9     70    -53.2    057    4.7        0
2345   209.9   12198    -50.1     69    -53.5    057    4.6        0
2350   208.9   12226    -50.3     69    -53.7    059    4.9        0
2355   208.0   12258    -50.5     69    -53.9    060    5.1        0
2360   207.1   12285    -50.7     69    -54.1    062    5.4        0
2365   206.2   12314    -50.9     68    -54.3    063    5.6        0
2370   205.3   12343    -51.1     68    -54.6    064    5.7        0
2375   204.4   12372    -51.4     68    -54.8    064    5.8        0
2380   203.5   12399    -51.6     68    -55.0    065    5.9        0
2385   202.7   12427    -51.8     68    -55.2    065    6.0     2048
2390   201.9   12452    -52.1     68    -55.4    064    5.9        0
2395   201.1   12479    -52.3     68    -55.7    063    5.8        0
2400   200.3   12504    -52.5     68    -56.0    062    5.8        0
2402   200.0   12512    -52.6     67    -56.1    062    5.8    65536
2405   199.5   12529    -52.7     67    -56.3    062    5.7        0
2410   198.7   12554    -53.0     66    -56.6    061    5.7        0
2415   197.9   12580    -53.2     66    -56.9    060    5.6        0
2420   197.1   12607    -53.4     65    -57.2    059    5.6        0
2425   196.2   12636    -53.6     65    -57.3    058    5.5        0
2430   195.3   12665    -53.8     67    -57.4    058    5.3        0
2435   194.5   12693    -54.0     68    -57.4    057    5.0        0
2440   193.7   12719    -54.3     68    -57.6    057    4.7        0
2445   193.0   12742    -54.5     68    -57.8    056    4.5        0
2450   192.3   12765    -54.7     68    -58.0    054    4.3        0
2455   191.6   12789    -54.9     68    -58.3    051    4.1        0
2460   190.9   12813    -55.1     67    -58.5    049    4.0        0
2465   190.2   12837    -55.3     68    -58.7    046    3.8        0
2470   189.5   12861    -55.5     69    -58.7    044    3.8        0
2475   188.8   12883    -55.7     70    -58.8    042    3.8        0
2480   188.1   12907    -55.9     70    -58.9    041    3.7        0
2485   187.4   12930    -56.0     71    -59.0    039    3.7        0
2490   186.7   12953    -56.2     71    -59.1    037    3.6        0
2495   186.1   12976    -56.3     69    -59.4    034    3.5        0
2500   185.4   12999    -56.4     68    -59.7    032    3.4        0
2505   184.7   13022    -56.6     68    -59.9    029    3.2        0
2510   184.1   13045    -56.7     69    -59.9    028    3.2        0
2515   183.4   13067    -56.9     69    -60.0    026    3.2        0
2520   182.7   13091    -57.0     69    -60.1    024    3.2        0
2525   182.0   13116    -57.2     69    -60.3    022    3.2     2048
2530   181.3   13140    -57.3     68    -60.5    024    2.9        0
2535   180.6   13164    -57.5     68    -60.8    027    2.6        0
2540   180.0   13189    -57.7     67    -61.1    030    2.2        0
2545   179.3   13212    -57.9     67    -61.3    034    1.9        0
2550   178.6   13236    -58.1     66    -61.5    041    1.9        0
2555   177.9   13260    -58.2     66    -61.7    049    1.9        0
2560   177.2   13285    -58.4     66    -61.9    057    1.9        0
2565   176.5   13311    -58.6     66    -62.0    064    1.9        0
2570   175.9   13333    -58.8     67    -62.2    071    2.1        0
2575   175.3   13355    -59.0     67    -62.3    076    2.4        0
2580   174.7   13377    -59.1     67    -62.5    080    2.6        0
2585   174.0   13400    -59.3     67    -62.6    084    2.9     2048
2590   173.4   13423    -59.5     66    -62.9    081    2.9        0
2595   172.8   13446    -59.7     66    -63.1    078    2.9        0
2600   172.2   13468    -59.8     66    -63.3    076    3.0        0
2605   171.6   13489    -60.0     66    -63.5    073    3.0        0
2610   171.0   13511    -60.2     66    -63.6    072    3.1        0
2615   170.3   13534    -60.4     66    -63.8    072    3.2        0
2620   169.7   13557    -60.6     66    -64.0    071    3.3        0
2625   169.0   13582    -60.8     66    -64.2    070    3.4        0
2630   168.4   13607    -61.1     66    -64.4    069    3.5        0
2635   167.7   13632    -61.3     66    -64.6    067    3.6        0
2640   167.0   13656    -61.5     66    -64.8    066    3.7        0
2645   166.4   13680    -61.7     66    -65.0    064    3.8        0
2650   165.8   13704    -61.9     66    -65.2    063    3.7        0
2655   165.1   13727    -62.1     67    -65.3    062    3.6        0
2660   164.5   13752    -62.4     68    -65.4    061    3.5        0
2665   163.9   13776    -62.6     69    -65.5    060    3.4        0
2670   163.2   13800    -62.8     70    -65.7    060    3.4        0
2675   162.6   13825    -63.0     70    -65.9    060    3.4        0
2680   161.9   13851    -63.3     70    -66.1    060    3.4        0
2685   161.2   13877    -63.5     69    -66.4    061    3.4        0
2690   160.5   13903    -63.8     69    -66.7    063    3.5        0
2695   159.9   13927    -64.0     69    -66.9    065    3.6        0
2700   159.2   13952    -64.2     69    -67.1    068    3.8        0
2705   158.6   13977    -64.4     70    -67.3    069    4.0        0
2710   158.0   14002    -64.6     70    -67.5    068    4.0        0
2715   157.3   14027    -64.8     70    -67.7    066    4.1        0
2720   156.7   14051    -65.0     70    -67.9    064    4.1        0
2725   156.1   14076    -65.2     71    -67.9    063    4.2        0
2730   155.5   14100    -65.4     72    -68.0    059    4.3        0
2735   154.8   14124    -65.6     71    -68.3    056    4.4        0
2740   154.2   14148    -65.8     70    -68.6    053    4.5        0
2745   153.6   14174    -66.0     69    -68.9    050    4.6        0
2750   152.9   14200    -66.3     69    -69.2    048    4.6        0
2755   152.3   14226    -66.5     68    -69.5    047    4.6        0
2760   151.6   14253    -66.7     67    -69.8    045    4.7        0
2765   150.9   14281    -66.9     67    -70.1    043    4.7     2048
2770   150.1   14311    -67.2     66    -70.4    046    4.9        0
2771   150.0   14317    -67.2     66    -70.4    047    4.9    65536
2775   149.4   14342    -67.4     67    -70.5    049    5.1        0
2780   148.7   14371    -67.6     68    -70.7    052    5.2        0
2785   148.0   14399    -67.9     69    -70.8    054    5.5        0
2790   147.3   14427    -68.1     69    -71.0    056    5.8        0
2795   146.6   14455    -68.4     69    -71.2    057    6.1        0
2800   145.9   14484    -68.6     69    -71.4    058    6.4        0
2805   145.2   14514    -68.8     68    -71.7    059    6.7        0
2810   144.5   14542    -69.0     68    -72.0    060    6.7        0
2815   143.8   14570    -69.3     68    -72.2    060    6.7        0
2820   143.2   14598    -69.6     68    -72.4    060    6.8        0
2825   142.5   14625    -69.8     68    -72.7    060    6.8     2048
2830   141.8   14654    -70.1     67    -73.1    056    7.2        0
2835   141.0   14689    -70.3     65    -73.6    052    7.6        0
2840   140.0   14730    -70.6     63    -74.0    048    8.0        0
2845   139.1   14770    -70.9     63    -74.3    045    8.5        0
2850   138.2   14807    -71.1     62    -74.6    045    9.1        0
2852   137.9   14819    -71.3     62    -74.8    045    9.4     4096
2855   137.5   14838    -71.4     63    -74.9    045    9.7        0
2860   136.8   14867    -71.7     64    -75.0    045   10.4        0
2865   135.9   14907    -72.0     65    -75.2    045   11.0        0
2870   134.9   14950    -72.2     66    -75.3    044   11.1        0
2875   134.0   14994    -72.5     66    -75.5    043   11.2        0
2880   133.1   15030    -72.7     67    -75.7    043   11.4        0
2885   132.5   15058    -73.0     69    -75.7    042   11.5        0
2890   131.9   15083    -73.3     71    -75.8    040   11.9        0
2895   131.3   15110    -73.5     72    -75.9    037   12.2        0
2900   130.8   15135    -73.7     73    -76.0    035   12.6        0
2905   130.2   15162    -73.9     73    -76.2    033   13.0     2048
2910   129.6   15188    -74.1     74    -76.4    033   12.9        0
2915   129.0   15215    -74.4     74    -76.6    033   12.9        0
2920   128.4   15242    -74.6     74    -76.7    033   12.8        0
2925   127.8   15269    -74.8     75    -76.9    033   12.7        0
2930   127.2   15296    -75.1     76    -77.0    034   12.6        0
2935   126.6   15323    -75.3     77    -77.1    035   12.5        0
2940   126.0   15351    -75.5     78    -77.3    035   12.4        0
2945   125.4   15378    -75.7     78    -77.5    036   12.4        0
2950   124.9   15405    -76.0     79    -77.6    037   12.3        0
2955   124.3   15432    -76.2     81    -77.7    037   12.1        0
2960   123.8   15456    -76.4     82    -77.8    038   12.0     4096
2965   123.1   15485    -76.6     82    -78.0    038   11.9        0
2970   122.6   15512    -76.8     82    -78.2    039   12.0        0
2975   122.0   15538    -76.9     81    -78.4    040   12.1        0
2980   121.5   15564    -77.1     81    -78.6    041   12.3        0
2985   120.9   15590    -77.2     81    -78.8    042   12.4        0
2990   120.4   15616    -77.4     80    -79.0    043   12.8        0
2995   119.9   15641    -77.5     78    -79.2    043   13.2        0
3000   119.4   15665    -77.6     77    -79.5    044   13.6        0
3005   118.8   15691    -77.7     77    -79.5    044   14.0        0
3010   118.3   15716    -77.8     78    -79.6    045   14.3        0
3015   117.8   15740    -77.9     77    -79.7    046   14.6        0
3020   117.3   15764    -77.9     76    -79.8    047   15.0        0
3025   116.8   15789    -78.0     75    -80.0    048   15.3        0
3030   116.2   15817    -78.1     74    -80.2    049   16.4        0
3035   115.5   15857    -78.2     73    -80.4    050   17.4        0
3040   114.8   15888    -78.2     72    -80.6    050   18.4     8192
3045   114.3   15913    -78.2     72    -80.5    051   19.5        0
3050   113.8   15937    -78.2     72    -80.5    053   19.6        0
3055   113.3   15964    -78.2     72    -80.5    055   19.8        0
3060   112.7   15993    -78.2     71    -80.6    057   20.0        0
3065   112.2   16018    -78.2     71    -80.6    058   20.3        0
3070   111.8   16040    -78.2     71    -80.5    059   20.6        0
3075   111.4   16063    -78.1     72    -80.4    059   20.9        0
3080   110.9   16086    -78.1     73    -80.3    059   21.3        0
3085   110.5   16109    -78.0     72    -80.3    059   21.6        0
3090   110.0   16131    -78.0     72    -80.2    058   21.8        0
3095   109.6   16152    -77.9     72    -80.2    057   22.0        0
3100   109.2   16174    -77.9     74    -80.1    056   22.2        0
3105   108.8   16197    -77.9     75    -79.9    055   22.5        0
3110   108.4   16220    -77.9     75    -79.9    055   22.6        0
3115   107.9   16242    -77.9     74    -79.9    055   22.7        0
3120   107.5   16264    -77.9     74    -80.0    056   22.8        0
3125   107.1   16287    -77.9     73    -80.1    056   22.9     2048
3130   106.6   16312    -77.9     72    -80.2    059   22.2        0
3135   106.0   16347    -77.9     71    -80.3    063   21.6        0
3140   105.3   16388    -77.9     70    -80.4    067   21.0        0
3145   104.6   16422    -78.0     70    -80.5    071   20.6        0
3148   104.3   16439    -78.0     69    -80.5    072   20.6     4096
3150   104.1   16453    -78.0     70    -80.5    074   20.5        0
3155   103.4   16489    -78.1     70    -80.5    076   20.5        0
3160   102.8   16525    -78.1     71    -80.5    079   20.5        0
3165   102.3   16552    -78.2     72    -80.4    081   20.5        0
3170   101.7   16581    -78.2     74    -80.3    082   19.7        0
3175   101.2   16613    -78.2     75    -80.2    083   19.0        0
3180   100.7   16640    -78.2     75    -80.2    084   18.2        0
3185   100.2   16666    -78.1     74    -80.2    085   17.5        0
3188   100.0   16681    -78.1     74    -80.2    086   17.2    75776
